35 97
107 131
64 169
52 15
48 63
100 101
69 104
26 133
151 155
105 45
151 164
95 22
154 166
160 78
145 126
72 141
13 101
72 150
11 9
170 2
19 98
54 65
101 158
30 116
19 134
121 2
85 79
167 118
107 76
153 43
126 98
25 141
182 106
171 106
100 64
3 122
37 124
40 31
162 142
135 48
113 146
165 156
146 152
178 122
39 183
90 27
88 94
5 59
141 87
161 154
14 144
70 143
98 134
116 30
61 94
91 95
89 174
23 67
32 45
149 72
21 152
116 133
173 20
101 13
158 13
150 149
67 142
47 145
147 3
7 127
8 92
82 139
29 133
126 47
172 14
157 62
111 184
46 60
46 69
53 117
151 94
14 116
97 132
38 92
164 51
184 155
172 162
62 49
66 19
169 4
114 77
24 22
92 175
95 91
148 75
36 32
140 71
104 5
40 11
129 98
176 30
135 1
176 39
47 126
83 76
155 119
43 39
119 7
92 8
103 166
14 88
138 151
69 42
168 164
78 109
140 93
51 164
69 60
176 43
91 57
174 73
162 117
138 16
87 41
58 154
183 176
158 101
10 86
157 123
129 52
74 125
103 161
39 176
112 8
144 49
142 116
138 164
168 6
123 111
146 113
116 117
66 98
32 105
152 21
32 114
97 94
122 178
89 90
66 134
50 28
24 137
84 17
154 103
173 116
38 157
12 28
38 175
21 113
158 100
33 78
57 8
62 123
160 109
80 0
26 29
151 51
120 91
11 31
143 70
171 16
52 77
25 87
98 49
169 100
34 150
111 95
170 181
5 104
137 22
106 16
73 86
15 163
72 41
121 181
30 133
129 23
166 161
97 61
149 99
95 137
24 95
167 180
17 101
159 14
87 25
37 6
83 131
144 159
114 136
124 168
158 179
88 102
91 18
71 49
53 162
112 68
152 113
124 51
148 8
163 15
107 83
101 12
159 130
35 94
111 62
155 7
153 86
43 183
76 131
131 76
104 59
64 4
93 49
156 96
157 61
21 146
56 112
178 147
178 3
151 138
41 25
27 90
59 177
83 107
172 53
62 178
116 176
158 20
63 115
98 145
32 47
52 114
17 13
35 61
179 173
44 128
41 141
167 128
96 86
10 153
18 120
168 37
177 104
6 124
86 4
138 51
52 136
28 26
92 38
9 31
40 9
9 40
177 5
26 101
156 58
138 19
16 182
108 27
102 105
12 50
33 109
96 58
99 72
57 75
49 71
73 10
90 108
8 75
100 158
21 103
0 80
29 116
1 26
135 115
164 151
181 2
1 44
116 120
163 52
20 179
35 140
36 105
96 156
153 132
13 158
110 81
48 115
130 14
58 156
58 165
34 55
180 118
73 153
68 56
183 43
14 94
38 61
50 26
130 144
61 35
30 29
12 26
111 157
25 81
153 10
100 4
140 49
46 42
129 67
150 99
141 41
1 128
172 117
88 133
184 119
101 84
165 96
45 36
140 35
148 57
168 124
144 14
23 142
126 145
31 11
182 171
77 136
121 170
93 71
7 184
13 84
158 173
33 160
47 76
129 142
94 35
60 42
49 140
135 63
26 12
122 147
