0 1
0 3
0 4
0 10
0 11
0 9
0 19
0 45
0 27
0 61
0 13
0 100
0 105
0 94
0 2
0 7
0 24
0 70
0 118
0 142
0 261
0 281
0 35
0 87
0 51
0 341
0 298
0 72
0 317
0 33
0 6
0 415
0 420
0 66
0 439
0 465
0 478
0 524
0 16
0 60
0 580
0 204
0 182
0 665
0 75
0 22
0 262
0 339
0 466
0 129
0 659
0 982
0 983
0 123
0 32
0 1179
0 96
0 596
0 276
0 125
0 1350
0 878
0 450
0 500
0 385
0 546
0 1473
0 526
0 318
0 645
0 1674
0 21
0 294
0 1859
0 882
0 369
0 510
0 1991
0 2214
0 2257
0 1530
0 2273
0 1081
0 90
0 513
0 260
0 2486
0 2521
0 2675
0 398
0 2613
0 1251
0 2464
0 2562
0 1372
0 55
0 2896
0 512
0 730
0 1931
0 650
0 287
0 601
0 1375
0 3818
0 638
0 3882
0 79
0 1999
0 3218
0 222
0 554
0 673
0 112
0 567
0 1276
0 4505
0 331
0 4350
0 670
0 191
1 2
1 0
1 10
1 7
1 70
1 6
1 109
1 24
1 51
1 418
1 9
1 130
1 568
1 429
1 4
1 3
1 453
1 27
1 8
1 1179
1 398
1 72
2 0
2 3
2 13
2 16
2 1
2 94
2 24
2 118
2 184
2 10
2 11
2 396
2 129
2 4
2 260
2 670
2 429
2 988
2 911
2 1080
2 9
2 1258
2 843
2 944
2 526
2 33
2 564
2 112
2 55
2 27
2 105
2 1004
2 2846
2 19
2 22
2 98
2 313
2 209
2 4436
2 439
2 1276
2 2847
2 4508
2 1375
2 541
2 38
5 1
5 3
5 4
5 0
5 11
5 27
5 2454
5 605
5 10
6 1
6 10
6 0
6 27
6 147
6 3
6 4
6 7
6 2
6 284
6 118
6 21
6 19
6 421
6 673
6 100
6 974
6 816
6 344
6 66
6 13
6 1273
6 1101
6 197
6 698
6 1890
6 2144
6 1012
6 252
6 182
6 32
6 317
6 2696
6 287
6 3468
6 2922
6 1307
6 2679
6 3280
6 239
6 4206
6 61
6 11
6 3120
7 1
7 10
7 4
7 3
7 21
7 94
7 0
7 45
7 11
7 60
7 27
7 127
7 2
7 96
7 147
7 285
7 13
7 19
7 197
7 24
7 22
7 584
7 500
7 398
7 541
7 928
7 75
7 829
7 1057
7 1087
7 129
7 16
7 1132
7 244
7 439
7 6
7 556
7 123
7 79
7 1557
7 450
7 1518
7 55
7 1926
7 830
7 1556
7 673
7 1307
7 341
7 225
7 1992
7 2636
7 2728
7 2768
7 361
7 3605
7 2251
7 2678
7 284
7 1947
7 4127
7 3103
7 2218
7 4452
7 2297
7 4203
7 4576
7 4678
8 0
8 10
8 3
8 13
8 1
8 24
8 96
8 2
8 51
8 4
8 154
8 100
8 298
8 640
8 182
8 60
8 7
8 55
8 33
8 16
8 19
8 1227
8 22
8 129
8 61
8 928
8 971
8 87
8 327
8 688
8 1450
8 469
8 66
8 284
8 1926
8 538
8 38
8 11
8 385
8 1407
8 3194
8 3222
8 1946
8 3851
8 3918
8 2506
8 556
8 4213
8 584
8 4623
8 982
8 9
8 872
9 1
9 11
9 24
9 4
9 7
9 130
9 13
9 275
9 19
9 608
9 646
9 118
9 139
9 378
9 10
9 285
9 455
9 3
9 0
9 1764
9 2
9 396
9 2261
9 105
9 1451
9 2728
12 3
12 9
12 1
12 45
12 11
12 27
12 13
12 129
12 103
12 326
12 1372
12 369
12 260
12 982
12 10
12 1257
12 4
12 3830
14 1
14 0
14 10
14 3
14 180
14 385
14 317
14 13
14 24
14 16
14 137
14 676
14 147
14 7
14 105
14 11
14 45
14 198
14 61
14 118
14 1126
14 450
14 327
14 100
14 27
14 94
14 9
14 1479
14 584
14 222
14 1079
14 1407
14 3556
14 954
14 2348
14 3366
14 4630
15 3
15 1
15 0
15 10
15 7
15 344
15 147
15 38
15 94
15 19
15 579
15 33
15 281
15 60
15 4
15 11
15 129
15 27
15 313
15 24
15 1280
15 32
15 103
15 1124
15 816
15 1681
15 830
15 2782
15 1779
15 2679
15 3212
15 1011
15 439
15 567
15 2980
17 1
17 13
17 2
17 0
17 4
17 222
17 100
17 10
17 469
17 24
17 22
17 18
17 61
17 3
17 1320
17 35
17 27
17 33
17 1925
17 1273
17 886
17 1824
17 11
17 112
17 9
17 1328
17 1448
17 3169
17 4463
17 19
18 1
18 16
18 4
18 288
18 570
18 0
18 202
18 10
18 369
18 9
19 1
19 11
19 10
19 61
19 129
19 118
19 35
19 7
19 4
19 0
19 710
19 564
19 261
19 1678
19 197
19 510
19 27
19 3345
19 2
19 75
20 11
20 61
20 2
20 27
20 3
20 605
20 60
22 0
22 10
22 4
22 1
22 11
22 127
22 137
22 60
22 398
22 3
22 94
22 27
22 581
22 7
22 96
22 33
22 420
22 296
22 793
22 24
22 707
22 13
22 1509
22 500
22 1126
22 61
22 2
22 411
22 2370
22 25
23 0
23 9
23 568
23 2277
24 10
24 274
24 327
24 1
24 1856
25 1
25 0
25 541
25 981
26 22
26 55
26 3
26 1
26 1708
27 10
27 19
27 659
27 11
27 1
27 690
27 2
28 7
28 27
28 11
28 2
28 19
28 10
28 1
28 13
28 541
28 87
28 3156
28 3048
28 848
28 4
28 3662
28 2147
29 1
29 4
29 608
29 2
29 734
29 9
29 24
29 11
29 1604
29 32
29 209
29 2590
29 596
29 96
29 10
29 13
29 3464
29 3583
29 3
29 284
29 2156
30 11
30 1
30 61
30 4
30 10
30 3321
31 10
31 16
31 2
31 4
31 1
31 928
31 29
31 164
31 3035
31 112
32 1
32 130
32 103
32 261
32 262
32 66
32 1010
32 369
32 51
32 27
32 2118
32 878
32 10
32 1681
32 94
32 21
32 13
32 0
32 1471
32 2
33 1
33 11
33 0
33 13
33 100
33 1159
33 2
33 19
33 1764
33 4
33 1770
33 2410
33 2761
33 3
33 4203
34 10
34 327
34 526
34 0
34 9
34 27
34 2178
34 16
34 3636
35 4
35 19
35 3
35 1
35 27
35 450
35 1389
35 129
35 87
35 16
35 1909
35 1087
35 830
35 60
35 2322
35 687
35 10
36 10
36 3
36 1
36 129
36 367
36 2
36 11
36 61
37 10
37 1
37 13
37 33
37 1076
37 1931
37 2768
38 11
38 1
38 24
38 61
38 147
38 10
38 182
38 94
38 60
38 878
38 13
38 341
38 178
38 27
38 118
38 91
38 982
38 1276
39 1
39 0
39 3
39 38
39 10
39 13
40 2
40 11
40 1
40 3
40 1302
40 90
40 27
40 10
40 3593
40 21
40 67
40 96
41 1
41 0
41 13
41 137
41 3
41 60
41 173
41 103
41 10
41 4
41 27
41 11
41 287
41 285
41 348
41 3195
42 1
42 546
43 22
43 16
43 1
43 385
43 13
43 11
43 0
43 1432
43 27
43 2282
43 79
43 10
43 7
43 4
43 1899
43 445
43 4433
44 4
44 0
44 144
44 27
44 22
44 98
44 11
44 872
44 650
44 469
44 2370
44 1284
44 2
44 279
44 1
44 671
45 27
45 11
45 9
45 10
45 1
45 13
45 130
45 147
45 19
45 398
45 4
45 1057
45 261
45 1276
45 1818
45 129
45 0
45 32
45 123
45 3809
45 2415
46 0
46 1
46 10
46 7
46 4
46 204
46 79
46 260
46 3
46 3159
46 3904
46 3743
47 4
47 90
47 51
47 1280
47 35
47 105
47 384
47 10
47 3
48 16
48 2
48 10
48 1
48 27
48 0
48 147
48 3
48 173
48 74
48 241
48 81
48 500
48 13
48 663
48 11
48 981
48 108
48 1735
48 4
48 527
48 3844
48 4127
48 4203
49 3
50 1
51 10
51 1
51 27
51 3
51 38
51 13
51 147
51 129
51 4
52 7
52 19
52 4
52 197
52 1
52 9
52 27
52 512
52 241
52 129
52 369
52 1404
52 928
52 1054
52 10
52 2922
52 0
52 3159
52 118
52 11
52 60
52 4000
53 3
53 174
53 1
53 0
53 9
53 10
53 147
53 13
53 129
53 2744
53 2370
53 22
53 11
53 826
54 3
54 1
54 4
54 148
54 0
54 10
54 61
54 681
54 11
54 184
54 1981
54 4097
54 13
54 4757
55 1
56 3
56 211
56 246
56 1
56 1580
56 13
57 1
57 27
58 13
58 10
58 1
58 11
58 3
58 1015
59 10
59 112
59 11
59 13
59 1
60 2
60 0
60 1
60 13
60 170
60 10
60 1577
60 2982
61 1
61 118
61 1197
61 1124
61 3
61 556
61 7
61 999
61 2670
61 4367
61 1267
62 3
62 125
62 379
62 1
62 19
62 429
62 27
62 793
62 7
62 2
62 100
62 2759
62 341
62 2241
62 1518
62 33
62 13
62 398
63 1
63 4
63 10
63 11
63 246
63 137
63 2486
63 2402
63 546
63 4074
64 0
64 1153
64 72
64 622
64 1
64 581
65 22
65 3
65 1
65 0
65 10
65 51
65 129
65 55
65 11
65 142
65 760
65 546
65 431
65 339
65 547
65 580
65 24
65 1375
65 32
65 66
65 9
65 565
65 450
65 2
65 4242
65 96
65 13
65 4841
66 886
66 10
66 4
66 2037
66 94
66 1842
67 10
67 3
67 379
67 167
67 0
67 11
67 24
67 997
67 4
67 203
68 0
68 1
68 79
68 10
69 13
69 1
69 33
69 327
69 0
69 100
69 10
69 710
69 9
69 96
69 298
69 147
69 1808
69 22
69 4
69 949
69 11
69 341
69 538
69 266
69 638
69 2
69 313
69 45
69 1749
69 24
69 2922
69 3
69 2483
69 7
70 11
70 10
70 1
70 601
70 397
70 32
70 27
70 4
70 1534
70 1681
70 792
70 3352
70 3541
70 100
71 10
71 66
71 3
71 4
71 1
71 60
71 1213
71 584
71 2588
71 280
71 33
71 274
71 142
72 11
72 105
72 24
72 1
72 27
72 341
72 1479
72 3
72 567
72 91
72 16
72 3307
72 4
72 2
72 1825
72 309
72 13
72 3686
73 1
73 10
73 3
73 4
73 33
73 19
73 11
73 281
73 60
73 27
73 445
73 197
73 878
74 4
74 10
74 1
74 51
74 260
74 266
74 24
74 514
74 38
74 118
74 11
74 94
74 1032
74 19
74 45
74 1372
74 142
74 0
74 2300
74 1878
74 1728
74 556
74 261
74 3516
74 9
74 3723
74 60
74 27
75 11
75 79
75 127
75 10
75 1
75 9
75 243
76 11
76 9
76 1
76 4
76 13
76 865
77 10
77 445
77 91
77 339
77 878
77 7
77 22
77 61
77 3
77 16
77 2882
77 1925
77 3022
77 730
77 4
77 1
77 4074
78 13
78 27
78 421
78 2
78 281
78 129
78 0
79 1
79 118
79 9
79 623
79 1616
79 1815
79 7
79 4
79 2721
79 11
79 4638
80 1
80 96
80 7
80 11
80 9
80 94
80 4161
81 1
81 79
81 872
81 385
81 3
81 61
81 13
81 546
81 60
81 9
81 2
81 2134
81 4833
81 4844
82 24
83 1
83 9
83 94
84 13
84 123
84 1
84 3
84 4
84 2554
84 1192
84 760
85 1
86 61
86 1
86 129
86 726
86 445
86 60
86 45
86 4256
86 27
86 130
87 38
87 310
88 27
88 1
88 10
88 11
88 66
88 4
88 3
88 0
88 13
88 690
88 385
88 100
88 2277
88 81
88 61
88 33
88 7
88 478
88 1048
88 369
89 10
89 1
89 9
89 2
91 1
91 118
91 11
91 878
91 1944
91 1307
91 255
92 13
93 11
93 38
93 10
93 1120
93 444
93 1372
93 1
95 35
95 1
95 94
95 878
95 22
97 4
97 182
97 287
97 10
97 1
97 252
97 13
98 13
98 0
98 9
98 22
98 61
98 1
98 783
98 2210
98 66
98 282
99 13
99 10
99 148
101 10
101 118
101 13
101 87
101 760
101 0
101 3
101 1
101 1256
101 241
101 174
101 2
101 2349
101 90
101 7
101 79
101 421
102 10
102 61
102 0
102 24
102 1
102 209
103 27
103 16
103 1
103 3
103 18
103 8
103 872
104 1
106 10
106 13
106 94
106 3
106 118
106 11
106 66
106 1
106 361
106 1126
106 971
106 129
106 4507
106 3014
107 45
107 1
107 4
107 90
107 2
107 87
107 118
107 72
107 0
107 7
107 506
107 16
107 11
107 10
108 107
109 10
109 87
109 60
109 1
109 11
110 66
110 61
110 55
110 469
110 488
110 147
110 21
110 225
110 385
110 288
110 3372
110 3729
110 19
111 2
111 91
111 848
111 19
111 1
111 1739
111 27
111 878
111 7
111 3
111 22
113 10
113 193
113 172
113 1
113 11
113 13
113 0
113 18
113 7
113 182
113 100
113 638
113 1388
113 3
113 1728
113 154
113 2634
113 4
113 3195
113 123
113 4564
113 137
114 19
114 1
114 4
114 7
114 1471
114 2154
114 18
115 3
115 1
115 180
115 10
115 27
115 536
115 0
115 55
115 81
115 4
115 13
115 656
115 1836
115 147
115 313
115 11
115 2
115 556
115 60
115 1048
115 1094
115 276
115 4101
115 4411
115 4643
116 1
116 10
116 154
116 567
116 3
116 9
116 2
116 142
116 147
116 0
116 100
117 66
117 27
117 4
117 10
117 1
117 91
117 0
117 11
117 2602
117 656
117 3
117 13
117 3600
117 24
117 284
117 1933
119 13
119 182
120 1
120 381
120 0
120 1791
120 3
121 3
121 285
121 1
121 4
121 11
121 142
121 10
121 2602
121 7
122 1
122 94
122 341
122 24
122 11
122 656
122 10
122 1445
122 1604
122 27
122 1822
122 710
122 16
122 1280
123 27
123 1
123 10
123 103
123 581
123 13
124 10
126 1
126 2
126 11
126 21
126 369
126 22
126 45
126 13
126 3
126 147
126 0
126 24
126 710
126 1694
126 988
126 976
126 103
126 7
126 1879
126 3969
126 4030
126 4173
126 3324
126 3839
128 1
128 0
128 1534
128 60
128 4592
129 10
129 0
129 1
129 1025
129 13
129 24
129 137
129 3387
130 61
130 3
130 10
130 147
130 1
131 10
131 4
131 2315
131 4652
132 11
132 0
132 107
133 1
133 27
133 10
133 196
133 61
133 211
133 1594
134 66
134 27
134 182
134 512
134 0
135 2
136 61
136 3
136 2
136 142
136 10
137 134
137 66
137 241
137 33
137 1
137 3
137 500
137 27
137 11
137 2
137 793
137 1925
137 10
137 0
137 1534
138 45
138 13
138 225
138 10
138 27
138 21
138 9
139 3
140 1
140 3389
141 3
142 61
143 1
143 11
143 103
143 9
143 971
145 10
145 61
145 1
145 11
145 94
145 1731
145 710
145 3
146 13
146 1
148 35
148 197
148 182
148 19
148 0
148 3
149 11
149 1
149 3
149 285
149 313
149 61
149 13
149 260
149 32
149 506
149 3218
149 1213
149 10
150 61
150 107
150 1
151 4
151 13
151 11
152 13
152 27
152 239
152 911
153 0
153 326
153 1
154 10
154 2
154 4
154 241
154 2392
154 1
155 60
155 421
155 1
156 1
156 19
156 61
156 7
157 1
157 0
157 22
157 10
157 323
158 10
158 4
158 13
158 3052
159 10
159 341
159 55
160 118
160 11
160 1799
160 112
161 11
162 145
163 1
163 3175
164 11
164 7
164 1
164 10
164 107
164 3119
164 4270
165 33
165 339
166 13
166 61
166 793
167 10
167 11
167 27
167 9
167 90
167 861
167 13
167 1
167 3
167 51
167 650
167 911
167 61
168 19
168 1
168 173
168 137
168 105
168 10
168 562
168 45
168 243
168 7
168 1943
168 100
168 1890
168 2802
168 1473
168 369
169 24
169 1
169 3
169 10
169 638
169 0
169 872
169 2638
169 11
169 546
169 51
169 622
170 7
170 2
170 260
170 10
170 1081
170 19
170 13
170 3
171 1
171 0
171 79
171 261
171 2855
171 118
172 11
172 2679
172 1316
173 118
175 1
175 4
175 32
175 1380
175 260
175 10
175 4865
176 2
176 118
176 38
176 4
176 11
176 2749
176 10
176 3083
176 2705
176 1
176 317
176 3760
176 45
177 3
178 33
178 27
178 243
178 112
178 822
178 13
178 94
178 147
179 1
179 10
179 538
179 500
179 1918
179 1997
179 100
179 3
179 1794
179 1342
179 4339
179 469
181 22
181 11
181 94
181 3
181 1
181 19
181 100
181 2
181 4
181 509
181 27
181 9
181 3619
181 3309
183 13
185 1
185 7
185 2284
186 27
186 3
186 11
186 9
186 10
186 1
186 548
186 203
186 60
186 317
186 94
186 7
186 4827
187 27
187 7
187 10
187 1
187 199
187 61
187 305
187 9
187 4
187 3
188 118
188 3550
188 34
189 33
189 4801
190 10
190 0
190 252
190 1
190 464
191 61
191 11
191 22
191 13
191 1509
191 123
191 27
192 1
193 10
193 0
193 11
194 81
194 27
194 10
195 147
195 10
196 7
196 2
198 1
198 60
198 872
198 3
198 10
199 27
199 127
199 209
199 24
199 1
199 928
199 53
199 3
199 1037
199 11
199 72
199 3216
199 4956
199 409
200 4
200 1284
201 1
202 22
202 564
202 982
203 1
203 3
203 10
203 24
203 1224
203 13
203 33
203 491
203 118
203 2297
203 7
204 1
205 1
206 4
206 10
206 1348
206 74
206 2218
206 1
206 0
207 24
208 4
208 27
208 1380
208 3
208 1703
208 4971
209 2
209 10
209 341
209 147
209 100
209 2847
209 1
209 385
210 1
210 373
210 22
210 323
210 10
210 13
210 439
210 118
210 3
210 1076
210 3946
211 4
211 94
211 245
211 455
211 2210
212 28
212 1747
212 10
213 4
213 137
213 60
213 1
213 123
214 24
215 11
215 87
215 13
216 10
216 7
216 52
216 32
216 0
216 94
216 671
216 1
216 2622
216 1215
216 19
216 148
216 3
217 209
217 0
217 75
217 1
217 2768
217 10
218 1
219 1
219 2950
220 210
220 3
221 130
221 595
221 118
221 10
221 3216
221 4910
222 22
222 11
222 1
222 27
222 4691
223 147
223 100
223 10
223 13
223 3
223 90
223 2060
223 24
224 38
224 298
224 3
224 1
224 7
224 27
224 32
224 4
224 826
224 1779
224 3726
224 154
224 3321
225 1
225 7
226 1
226 9
227 87
227 2
227 178
227 10
227 1251
227 13
227 1895
228 1
228 829
228 222
228 752
229 27
229 811
229 0
229 13
230 1
231 24
232 1
232 10
232 60
232 0
232 13
233 10
233 4
233 1
234 175
234 60
234 1
234 1567
234 0
234 118
234 2
234 4
235 72
235 650
235 4406
236 4
236 129
237 118
237 633
238 27
238 2196
239 96
239 339
239 45
239 331
239 19
239 4
239 398
239 1848
239 872
239 61
239 261
239 1079
239 210
239 0
239 10
239 341
239 2400
240 10
240 173
240 1
240 0
240 27
240 60
241 53
241 33
241 4
241 4180
241 1
242 1
244 0
244 730
244 755
244 7
244 11
244 10
245 10
245 94
245 107
245 1
245 4
245 808
245 918
245 2474
245 3124
245 3340
245 2
245 129
246 1
246 105
246 7
246 541
246 0
246 11
246 880
246 3
246 10
247 13
248 24
248 4
248 7
248 3
248 688
248 0
248 100
248 61
248 3616
248 4146
248 4464
248 96
248 4536
248 10
249 202
249 13
250 0
250 27
250 13
250 10
250 229
250 1453
250 1074
250 2876
250 1
250 918
250 22
251 7
252 1
252 10
252 369
252 107
252 2
252 2323
252 118
253 90
253 10
254 182
255 33
255 1
255 858
255 1518
255 11
256 16
256 3
256 61
256 2156
256 10
256 60
256 45
256 1
256 1728
257 100
257 45
257 33
257 1
257 21
258 130
258 341
258 3
258 1
258 10
258 4
258 33
258 3227
258 4134
258 848
258 11
258 0
259 3
259 1
262 0
263 4
263 10
264 129
264 11
264 105
264 13
264 118
264 260
265 11
266 1
266 646
266 11
266 622
266 455
266 2284
267 96
268 129
268 170
268 661
268 27
268 384
269 129
269 1556
270 3
270 938
270 18
271 1
272 3
272 211
272 11
272 790
272 4
273 4
273 10
276 10
276 21
277 13
277 7
278 2
279 3
279 27
279 22
279 261
279 3029
279 2423
280 4
280 13
280 22
280 10
280 3
280 107
280 688
280 87
280 1334
280 66
280 9
280 2778
282 2
282 397
282 1378
282 13
282 11
282 22
282 61
283 0
283 11
283 2
286 1
287 173
287 10
287 4
287 13
287 148
287 1214
287 1
288 7
288 13
288 10
289 4
289 24
289 72
290 1
290 3
290 745
290 911
290 11
290 2632
290 10
290 605
291 11
291 16
291 60
291 79
291 118
291 776
292 129
292 118
292 123
293 1
293 262
293 154
293 398
293 9
293 3
294 13
294 7
295 1
295 33
295 45
296 3
296 638
296 10
296 1
297 10
299 19
299 1998
300 261
300 1
300 584
300 53
301 61
301 3
301 1351
301 13
302 1
302 13
302 0
302 33
302 1534
302 2
302 10
302 11
303 264
304 11
304 1
304 1185
304 1412
304 13
304 0
304 147
304 3935
305 3
305 60
305 147
305 406
305 68
305 450
306 1
306 4
307 1
308 10
308 690
309 61
310 1
310 107
310 16
311 27
311 3
312 1
313 1
313 1779
313 1743
313 1164
313 4
313 622
313 1612
313 445
314 27
314 546
315 9
315 2
315 3
315 0
315 1
315 10
315 1890
315 4
316 2
316 1980
316 1
317 209
317 3
317 4
317 1
317 0
317 491
317 274
317 27
318 100
318 869
318 0
318 182
318 816
318 72
318 4948
319 13
319 196
320 4
320 3
321 22
321 217
321 1
321 285
321 2
321 596
321 0
321 369
321 3
322 197
323 2
323 4
324 9
324 7
324 577
324 24
324 1341
324 670
324 0
324 2
324 980
325 4
326 3
328 74
329 10
329 536
329 129
329 1
329 3195
329 27
330 10
331 3
332 182
333 1
334 3
334 33
334 488
335 1
335 11
336 2
336 341
336 10
336 513
337 0
338 1
338 1380
340 0
340 4
340 266
342 19
342 9
342 24
342 10
342 2222
343 0
343 4
343 100
343 10
343 3
343 1
343 1101
343 7
343 147
343 1334
343 396
343 13
345 51
346 51
346 3
346 55
346 1569
346 33
346 24
347 288
347 13
347 244
347 1841
347 1
347 3619
347 61
347 147
348 4
348 13
348 645
348 2
348 27
348 1
348 261
349 1
350 10
350 1079
350 1
351 7
351 348
352 331
352 13
352 27
353 1
354 2
354 421
354 13
354 1769
354 10
354 1518
355 1
355 16
355 197
355 3
355 361
355 145
355 11
355 10
356 100
356 10
356 1
356 608
357 3
357 60
357 7
358 0
358 13
358 4
359 27
359 3
360 1
360 564
361 108
362 9
363 2
363 546
363 10
363 9
363 114
363 1
363 4
364 33
365 210
365 71
365 999
365 369
365 10
365 0
366 13
366 1
366 24
367 11
367 3
367 79
368 2
368 1
368 21
368 98
368 1053
368 1242
368 10
368 260
368 1272
368 753
368 4975
369 10
369 1
369 137
369 3
370 10
370 1
370 0
370 87
370 2007
370 11
370 341
370 1091
370 3
370 733
371 45
372 1
372 294
372 10
372 504
372 266
372 4
374 45
374 13
374 693
374 225
374 1
374 282
374 1856
374 3
374 22
374 10
374 341
375 10
375 1
376 4
376 3
377 339
377 11
378 4
379 10
379 51
379 96
380 24
382 19
382 27
382 309
382 13
382 10
383 60
383 3
383 123
384 7
386 1
386 4
386 601
386 94
386 1351
387 3
387 27
387 528
387 79
387 24
387 10
387 856
387 260
387 57
387 999
387 1380
387 13
387 689
387 3749
387 2
387 61
388 385
388 9
388 10
388 16
388 829
389 91
389 637
389 997
389 60
389 755
389 567
389 1
390 148
390 90
390 10
391 1
391 477
391 887
391 0
392 1
392 884
392 60
392 10
392 1448
393 91
393 2
393 118
393 142
393 1004
394 11
394 596
394 1
394 13
395 105
395 10
399 260
399 305
399 953
399 45
399 10
399 118
400 4
401 0
401 24
402 3
402 203
402 10
402 182
402 556
402 4
402 1
402 24
403 7
403 3
404 10
404 3
404 148
405 11
405 341
405 4
405 10
405 931
405 100
405 1
406 13
406 369
406 0
406 284
406 1192
406 2
407 6
407 13
407 1827
408 94
408 10
408 2046
408 4
409 27
409 954
409 1512
409 2021
409 3402
409 33
409 10
410 13
410 118
410 1
410 10
410 129
411 3
411 33
411 10
411 66
411 1
412 2
413 1
413 325
414 1
414 0
414 112
414 1931
414 2112
414 45
416 13
416 100
416 4
416 1
416 3
416 341
416 10
416 94
416 0
416 2090
416 9
417 0
417 3
417 1276
417 148
417 10
418 3
419 2
422 11
423 1
423 13
424 3
425 0
425 1
426 7
426 0
426 19
426 418
426 1
426 51
426 4
426 3
426 197
426 10
427 1
428 61
428 1
428 810
429 13
430 1
430 1075
430 3
430 0
430 123
430 2130
430 13
430 27
430 147
430 549
431 32
431 361
431 10
432 285
432 1
433 147
433 3
433 2348
433 510
434 1
434 45
434 94
434 87
434 61
434 11
435 11
435 27
436 3
436 13
436 147
436 60
436 9
436 2758
437 38
438 61
438 1385
438 24
440 1
440 10
441 11
442 94
442 261
442 398
442 9
442 7
442 1
442 4079
442 4714
443 1
443 7
444 245
444 45
446 118
446 178
446 1
447 1
447 10
448 0
448 313
448 45
448 1
448 2634
449 4
451 100
451 331
452 11
452 1
452 3
452 10
453 105
454 1
455 10
455 255
456 415
456 367
456 3338
457 1
457 2
457 261
457 27
457 1109
457 2375
457 681
457 0
458 379
458 556
458 118
458 510
459 10
459 1
459 0
459 118
459 100
460 1
460 513
461 341
461 11
461 1267
461 10
461 2570
461 2675
461 172
462 10
463 10
463 488
463 22
464 1
466 1
466 2
466 13
466 1227
466 27
466 1312
466 7
466 1126
466 2400
466 10
466 3157
466 29
467 10
467 55
467 1375
468 91
470 1
470 3
470 261
470 381
470 11
471 10
471 11
471 2
471 1
471 0
471 9
472 10
472 1
473 0
474 4
474 2473
475 7
476 1
476 606
476 94
476 261
479 445
480 9
480 1
480 734
480 910
480 10
480 61
481 327
481 11
482 2
482 27
482 13
482 0
482 7
482 1
482 3
482 10
482 170
483 13
483 10
483 287
484 61
485 0
485 916
485 1518
485 16
485 7
486 19
487 3
487 1
487 10
487 1131
487 61
487 1284
487 2300
487 11
489 9
489 1
489 27
489 4
489 341
490 27
491 49
492 105
493 2
493 24
493 0
493 1
493 406
493 4
493 1612
493 9
493 96
493 7
493 3
493 118
494 1
494 4
494 638
494 125
494 7
494 145
494 1272
494 100
494 2
494 203
494 461
494 710
495 252
495 74
495 0
495 101
495 1
495 10
495 118
495 983
496 3
496 22
496 129
496 11
496 27
496 7
497 107
497 469
497 3
498 1
499 182
499 4
499 2
499 13
501 11
501 662
501 94
501 385
501 4
501 2661
501 982
502 4
503 0
503 112
504 1
504 45
505 261
505 1
505 4
506 1
506 142
506 4226
506 72
506 13
506 27
506 1360
507 27
507 10
508 69
508 2112
509 3
509 1824
509 4
510 197
510 33
510 4
511 157
513 1
513 10
513 70
515 0
516 9
517 10
518 1
519 28
520 7
520 872
520 1
520 3751
520 445
521 27
522 11
522 96
522 94
523 1
523 10
523 793
523 11
523 9
523 137
525 147
525 11
525 2529
525 129
525 7
525 96
525 1080
527 1
527 91
527 27
527 3416
529 1
530 11
530 4
530 67
530 10
530 22
530 1
531 1
532 296
533 1
533 369
533 1768
533 11
533 13
533 33
533 439
533 16
533 1556
533 2463
534 500
535 10
535 1396
535 1
535 3
535 11
535 129
535 7
537 4
537 11
537 7
537 1
537 1471
537 3167
537 10
537 182
538 7
538 11
538 1
538 1253
538 3
538 13
538 27
538 260
538 478
539 1
540 1
542 261
542 751
542 852
542 2634
542 1
542 10
542 2
543 27
543 1
543 1410
543 118
543 584
543 513
543 4
544 1
545 10
545 6
546 317
546 166
546 7
547 11
547 19
547 7
548 7
549 2
549 4
550 90
550 1
551 11
551 81
552 90
552 19
553 234
554 1
554 2482
554 61
555 87
556 16
557 27
557 96
558 167
559 9
559 1
559 7
560 22
560 776
560 327
560 341
560 3171
561 4
562 13
562 10
562 1
562 11
563 1
565 9
565 13
565 568
565 24
565 11
565 2212
565 148
565 10
565 2860
566 81
568 1
568 4
568 178
568 7
568 1580
569 197
570 373
570 261
570 3
570 145
570 1
570 751
571 3
571 0
572 147
573 27
573 234
573 650
573 2
573 1098
573 1388
573 4
573 3
573 2349
573 4144
574 253
574 4
574 118
574 417
575 94
575 100
575 0
575 13
575 581
576 91
578 182
578 1
578 1307
578 1276
580 1
580 10
580 284
580 125
581 10
581 7
581 27
581 13
582 1
582 51
583 519
584 3
585 10
585 1
586 1
586 112
586 500
586 45
587 287
587 10
588 241
588 1080
589 0
589 16
589 848
589 4
589 1353
589 1
589 1729
589 399
590 439
591 19
591 455
592 55
592 203
593 1
593 13
594 1
597 1
598 10
599 1
599 4
599 61
599 19
599 3
600 527
601 10
601 3
601 2634
601 1
601 418
602 11
602 13
602 15
602 1
602 100
602 693
602 1728
603 0
603 11
604 1
605 261
605 10
605 1190
606 3
606 52
606 209
606 1
606 284
607 9
607 189
607 241
607 45
607 1
607 10
607 3
607 546
609 3
610 488
610 4562
611 22
611 3
612 3
612 13
612 1
612 32
612 2545
612 11
612 2218
612 118
612 10
613 33
613 22
614 4
614 1
614 2203
614 3235
615 7
616 82
616 27
616 16
616 1
617 7
618 79
618 9
619 4
619 0
619 970
619 730
619 2098
619 3
619 373
619 3431
619 10
619 634
620 16
620 13
621 1
622 27
622 296
622 1
622 0
622 4
624 11
624 1
624 10
625 580
625 816
625 66
625 27
625 129
625 173
626 439
626 7
626 100
626 1
626 646
626 1360
626 11
626 1577
626 4662
627 61
628 74
628 1
629 0
629 1322
629 1
629 954
629 341
629 4106
630 1
630 317
630 7
630 0
630 79
631 4
631 3
631 11
631 1
632 10
634 1
634 118
635 55
635 276
635 10
636 60
638 1
638 0
638 10
639 27
639 10
639 1038
641 22
642 3
642 73
642 2
643 27
644 3
644 10
644 0
644 541
645 19
645 1
646 1
647 148
647 396
647 1
647 1057
647 1284
647 11
648 361
649 2
650 19
650 10
651 94
652 129
652 954
652 7
652 19
653 27
653 1
653 13
653 239
654 1
654 10
654 203
655 2
656 7
656 1
656 24
656 13
656 103
656 3
657 94
657 10
657 27
657 241
657 22
657 127
657 469
657 1
657 33
657 1580
657 87
658 0
658 981
658 11
658 1
658 398
658 7
658 2
658 100
660 1
660 1288
660 3
660 61
660 341
664 0
664 556
666 2
666 478
666 11
667 24
667 0
667 112
667 369
667 61
667 3
668 260
668 7
669 9
669 241
669 19
671 7
671 11
671 2296
672 1
673 444
673 66
673 1
673 24
673 10
674 1
674 21
674 3
674 513
675 2
675 19
675 379
675 1
675 2074
677 11
677 1
677 1087
677 475
677 1457
678 1
679 4
679 10
679 7
679 2718
680 1
680 13
681 334
681 3
682 142
682 100
682 19
682 74
682 3
682 24
683 10
683 0
683 3
683 225
683 1
683 55
683 252
683 72
683 243
684 388
684 11
684 27
684 24
684 931
684 10
684 2792
684 178
684 4081
684 0
685 252
685 61
685 260
685 1403
686 3
687 0
687 103
687 11
687 574
687 703
689 66
691 61
692 374
692 1
692 61
692 21
692 4
692 79
692 2
692 33
693 317
694 4
694 3
695 118
695 3
695 1478
696 10
696 1
696 3
697 11
697 2491
698 1
698 7
698 0
699 10
699 2300
700 8
701 3
701 27
701 13
702 580
703 21
703 10
704 260
704 1316
704 9
704 27
704 2045
704 1
704 4
704 52
704 227
705 1
706 9
707 13
707 3
707 27
707 2203
708 3
708 920
708 10
708 2412
709 61
709 1
709 11
709 1272
711 1
712 94
712 4
712 595
712 10
712 3905
713 10
713 1556
713 1729
713 49
713 2156
714 27
715 246
716 317
716 1
716 429
716 9
717 1
718 0
718 13
718 11
719 13
719 1
719 10
719 0
719 1293
719 3369
719 105
719 1699
720 10
720 1016
720 4
720 2343
721 10
721 1
722 11
722 7
723 1
723 79
723 10
724 10
724 3
724 147
724 1
725 10
725 1
725 1110
725 98
725 253
727 19
727 241
727 296
727 129
727 3
728 130
729 3
729 108
731 3
731 72
731 1372
731 27
732 1
733 2
735 0
736 1
736 3
736 100
737 556
737 1076
737 27
737 4
737 3
738 38
738 10
738 7
738 1688
738 1
739 3
740 123
740 13
740 118
741 81
741 27
741 1015
741 9
741 148
741 0
741 79
742 1
742 27
742 209
742 2
743 11
743 261
744 1
744 10
744 499
746 184
746 258
747 0
748 1
748 1791
749 681
750 1
752 1
752 1076
752 222
753 27
753 3
753 1
753 261
754 10
756 3
757 379
757 1
758 9
759 361
759 971
759 10
759 1
759 608
761 2
762 1
762 33
762 0
762 96
762 3649
762 3
763 0
763 13
763 1
763 3
763 3167
764 94
765 55
766 4
767 10
768 1
768 10
769 182
770 252
770 954
771 2
771 1
772 1
772 10
772 3
773 1
774 4
774 100
775 71
775 2175
776 1
777 147
778 13
778 3
779 1
780 1
780 285
780 0
780 512
780 1051
780 209
781 3
782 301
782 1
782 2
782 204
782 11
782 418
782 688
783 0
783 252
784 10
785 255
786 1
786 13
787 439
788 445
789 1
789 848
789 24
789 125
790 1
790 274
790 4471
791 0
792 10
792 27
792 61
792 11
792 13
792 100
792 920
792 4
792 4763
794 0
794 24
795 281
796 420
796 266
797 45
798 0
798 361
798 24
798 2
799 10
799 541
799 3
799 1
800 4
800 11
800 0
801 3
801 94
801 11
801 1
801 2882
801 182
802 197
802 341
803 27
803 2541
804 1
804 3866
804 1302
805 11
805 27
805 3
806 7
806 348
806 405
806 10
806 3421
807 7
807 27
808 1
809 4
809 13
809 3
809 11
809 94
810 10
810 13
811 4
811 7
812 170
812 9
812 1
812 2063
813 4
813 1
814 100
814 450
815 596
815 1
817 10
818 0
818 123
818 1
818 581
818 2050
819 27
819 1779
819 24
819 261
820 13
821 125
823 688
824 361
824 1
825 455
826 199
827 398
828 546
828 878
828 13
828 1048
828 1708
828 33
830 1
831 4
831 3127
832 2
833 25
833 3
833 305
833 0
833 74
834 4
834 638
834 341
834 1448
834 100
834 11
834 276
834 3282
834 167
834 369
835 10
835 27
836 45
836 887
836 222
836 13
837 11
838 0
839 646
839 0
839 10
839 147
840 129
840 90
840 21
840 753
841 1
842 3
842 1
842 341
843 137
843 1
844 66
844 1
845 61
845 7
845 1164
845 241
846 13
847 10
847 361
848 385
848 145
849 3
850 274
850 7
850 0
851 167
851 3
852 7
852 137
852 32
852 3
852 556
853 3
854 10
855 10
855 0
855 27
855 255
855 536
856 10
857 1
857 45
857 1736
857 10
858 11
858 127
859 1
860 1
862 197
862 1202
862 35
862 1320
863 1
864 1
864 79
864 9
864 1004
864 0
864 4181
865 61
865 13
865 35
865 1051
865 604
865 45
865 4578
866 13
866 2918
866 2
867 1
867 11
867 1360
867 10
867 2896
867 7
868 234
870 11
871 1
871 341
871 3
873 170
874 10
874 1
875 10
875 4
875 0
875 34
875 191
875 3401
875 72
876 1
877 816
877 32
877 66
877 7
879 3
879 1
879 90
880 1
880 4
881 3
881 0
881 1
881 464
881 567
882 317
882 3
883 10
883 1
885 130
885 100
885 1
887 11
887 3519
887 123
888 27
888 13
889 13
890 429
891 1
891 7
892 10
892 0
892 567
892 3
892 4322
893 112
894 60
894 439
894 2909
894 215
894 1
895 688
896 66
896 0
897 11
897 1
897 10
897 9
897 1316
897 27
897 2
897 13
897 105
898 131
898 27
899 783
899 72
900 24
900 13
900 11
900 1
901 1
901 21
901 341
901 123
902 1
903 4
903 0
903 4729
904 13
905 27
906 130
906 2
907 1
907 2
908 2
908 145
908 108
908 546
908 361
909 22
909 197
909 13
910 385
910 3411
910 1543
911 118
912 60
912 10
912 3152
913 10
914 197
915 196
915 22
915 0
915 1
915 11
915 35
917 439
918 1
918 261
918 1852
918 3
919 605
921 1
921 325
921 2137
922 3
923 1
923 0
923 608
924 500
924 1
925 445
925 145
926 27
927 1
929 844
930 567
930 61
930 10
930 118
930 3
930 500
931 4
931 27
931 118
931 1
931 0
932 9
932 429
932 148
932 2506
932 568
932 3
933 10
934 361
935 147
935 1
936 4
936 11
936 222
936 1087
936 260
936 1770
937 469
939 22
939 398
940 1
940 105
940 61
940 55
940 11
941 1
941 61
942 4
942 9
942 21
942 11
942 208
943 33
944 243
944 294
944 3
945 1
945 469
946 1
946 1761
946 1443
946 274
947 98
947 1
948 0
949 197
949 10
950 1
951 3
951 285
951 10
951 361
951 3085
952 10
952 3
953 11
955 538
956 841
957 1
958 103
959 127
959 567
960 10
961 137
962 55
962 21
963 1
964 588
965 3
966 284
966 147
966 2852
967 404
967 11
968 1
969 0
969 1031
969 2625
969 385
971 27
972 1
972 27
972 2855
973 11
973 526
975 60
976 0
977 856
977 418
977 3
978 1
978 848
978 13
978 94
979 681
980 0
980 11
981 172
984 3
985 13
985 0
985 982
986 274
986 21
987 162
987 10
987 60
987 96
987 1077
987 11
987 13
987 0
987 3709
989 1
989 27
989 3218
989 532
990 178
991 3
991 848
991 1079
991 0
991 27
991 10
992 1
992 19
993 61
993 2082
994 667
994 1989
994 1575
995 10
995 0
996 2
996 4425
998 1
998 11
998 3
1000 693
1001 100
1002 0
1003 24
1003 1289
1003 3676
1003 33
1004 24
1005 1
1006 24
1007 928
1008 2
1008 369
1008 3
1008 3634
1009 1
1009 1664
1009 24
1009 7
1009 2164
1011 379
1011 1
1011 1354
1011 3
1011 175
1012 11
1013 10
1013 22
1013 0
1014 172
1014 10
1016 27
1016 245
1016 1
1016 526
1017 60
1018 66
1018 1037
1018 22
1019 10
1019 1
1020 4
1021 453
1022 1
1023 0
1024 197
1026 11
1026 10
1026 3
1026 710
1026 2
1026 87
1026 1
1026 693
1026 105
1026 66
1026 7
1026 3957
1026 27
1026 1444
1027 11
1028 252
1029 10
1029 469
1030 4
1031 564
1031 10
1031 13
1033 261
1034 13
1035 11
1035 1010
1036 66
1038 1
1038 24
1038 3769
1039 13
1039 0
1039 1177
1039 506
1039 1293
1039 2412
1039 2676
1039 24
1040 10
1041 0
1041 1
1041 3
1041 11
1042 61
1042 10
1043 1
1043 70
1044 951
1044 27
1045 1
1045 2474
1045 94
1046 7
1047 2
1047 9
1048 253
1048 75
1049 1
1050 1
1050 7
1052 61
1052 75
1054 673
1054 7
1054 3
1055 1
1055 154
1055 1076
1055 10
1055 1432
1055 11
1056 261
1058 580
1058 429
1058 2349
1059 1
1059 29
1059 3407
1060 29
1061 1
1061 10
1061 548
1062 10
1062 35
1063 1
1064 926
1064 103
1064 1
1065 10
1066 1
1066 10
1067 1
1067 1407
1067 1608
1067 513
1067 2705
1067 0
1067 13
1067 6
1067 253
1067 4574
1067 10
1068 22
1069 79
1069 0
1069 253
1070 13
1070 0
1071 3
1071 1
1072 3
1073 3
1073 500
1074 11
1075 19
1075 164
1077 294
1077 173
1077 27
1077 4017
1077 3
1077 100
1077 1
1078 920
1080 7
1080 66
1082 911
1083 1
1084 377
1085 33
1085 1076
1085 13
1085 19
1086 3
1088 4
1088 369
1089 4
1089 79
1089 9
1090 4
1090 323
1090 19
1090 567
1091 2
1091 0
1091 369
1091 541
1092 4
1092 11
1093 261
1093 22
1093 3
1093 147
1094 3
1094 4809
1095 75
1096 640
1097 33
1098 1
1099 412
1100 10
1101 10
1102 398
1102 0
1102 858
1102 1363
1103 27
1104 4
1104 197
1105 10
1106 10
1106 13
1106 4714
1107 27
1108 3
1108 1
1110 1
1111 19
1111 60
1111 1360
1111 7
1111 3357
1111 1
1112 10
1112 2378
1112 11
1112 2
1113 1074
1113 24
1114 3
1114 1696
1114 450
1115 1
1115 588
1116 27
1116 827
1116 10
1117 162
1118 118
1119 60
1119 172
1119 173
1119 22
1120 27
1120 118
1120 11
1120 1712
1120 1678
1121 0
1122 61
1122 241
1122 3195
1123 10
1123 1
1123 2869
1123 4311
1124 19
1124 100
1125 24
1125 3
1125 3175
1125 1
1127 1077
1127 1076
1127 608
1128 130
1128 24
1129 24
1129 61
1129 4699
1129 367
1130 1
1130 129
1130 21
1133 3
1133 1
1134 982
1134 27
1134 3
1135 0
1135 191
1135 35
1136 1
1137 1
1138 127
1138 10
1139 4
1139 9
1139 61
1139 10
1140 4
1140 2691
1140 27
1141 4
1142 10
1143 3
1143 103
1143 546
1144 11
1144 10
1145 261
1145 4
1145 3
1146 45
1146 4
1146 129
1146 100
1146 830
1146 2370
1147 10
1148 10
1148 1
1148 16
1148 3543
1149 1
1150 21
1150 2645
1151 10
1151 1664
1152 2
1154 246
1154 10
1155 1
1155 123
1156 27
1156 1
1157 261
1157 1
1157 66
1158 4
1160 19
1161 1
1161 88
1161 1227
1161 364
1162 19
1162 27
1163 22
1164 74
1164 971
1165 483
1166 10
1167 24
1167 261
1168 880
1169 1079
1169 13
1169 693
1170 0
1171 317
1171 27
1172 1
1173 45
1173 878
1173 33
1173 1604
1173 4
1174 733
1175 567
1176 1
1176 100
1176 2
1176 4
1176 317
1176 260
1176 167
1178 0
1178 2
1178 2525
1178 129
1178 3
1178 4
1180 1142
1180 10
1181 239
1181 341
1182 129
1182 1
1183 13
1183 0
1184 574
1184 1190
1185 173
1186 0
1187 13
1187 2318
1188 13
1189 0
1191 127
1191 66
1191 4
1191 94
1192 10
1193 11
1194 27
1194 11
1195 1
1196 87
1196 9
1198 24
1198 215
1199 1
1199 1911
1199 66
1199 166
1199 3
1199 1276
1200 32
1200 385
1201 10
1203 339
1204 1
1205 3
1205 27
1205 4611
1206 1
1206 4542
1207 11
1207 650
1208 436
1208 1
1209 3
1210 1
1211 1
1211 55
1212 1
1212 562
1213 93
1213 7
1214 567
1214 1518
1215 837
1215 415
1216 27
1216 911
1217 22
1217 11
1218 274
1219 737
1219 10
1220 100
1220 10
1221 199
1221 7
1221 1113
1221 1
1221 13
1222 61
1223 276
1224 1
1224 568
1225 10
1226 0
1226 27
1228 673
1229 1
1229 2
1230 61
1230 954
1231 1
1231 1178
1231 22
1231 16
1231 3234
1232 164
1232 1
1232 7
1233 1
1233 296
1234 10
1235 274
1236 260
1236 2837
1236 1
1237 439
1238 10
1238 567
1238 13
1239 2
1240 60
1241 10
1243 693
1244 0
1244 1498
1244 27
1244 3242
1245 4
1246 0
1247 9
1247 4
1248 10
1249 546
1250 2
1251 252
1252 1
1254 55
1255 1
1255 4712
1256 341
1256 1
1257 3
1257 10
1257 2407
1257 1
1257 323
1259 1
1259 145
1260 1
1260 1048
1260 100
1260 16
1261 11
1261 13
1261 10
1261 339
1262 1
1263 100
1263 147
1263 2586
1264 3
1264 2150
1265 1
1266 3
1267 1
1267 33
1267 500
1268 3
1269 10
1270 1
1271 10
1271 95
1274 118
1274 3833
1275 125
1275 7
1275 3
1275 10
1277 19
1278 1
1278 567
1279 105
1281 325
1281 66
1281 1
1282 1
1283 266
1283 398
1283 107
1283 4
1283 878
1283 3149
1283 245
1283 671
1283 7
1283 2214
1283 10
1284 24
1284 1513
1285 27
1286 11
1286 1
1287 1045
1289 1
1289 2070
1289 3
1290 72
1290 1
1290 27
1290 10
1291 816
1292 341
1294 951
1294 4534
1295 10
1296 1
1297 1
1297 16
1297 548
1298 351
1298 10
1298 4
1298 2021
1298 7
1298 3161
1298 1
1299 1
1299 2801
1299 19
1299 52
1300 11
1301 1
1303 60
1304 94
1305 1
1306 988
1306 2242
1306 27
1308 164
1309 999
1310 118
1310 4
1311 1
1312 4
1313 19
1314 1
1315 1016
1315 9
1315 10
1317 1079
1318 3
1318 7
1318 27
1318 11
1319 9
1319 361
1320 61
1320 1728
1320 1768
1321 1
1321 2172
1323 13
1324 1
1324 16
1324 2254
1324 404
1324 0
1324 3
1325 1255
1325 10
1325 100
1326 13
1326 0
1326 1
1326 203
1327 298
1328 1
1328 13
1328 11
1329 19
1329 478
1329 51
1329 129
1330 244
1331 10
1332 1
1332 1407
1333 7
1333 74
1333 1
1333 94
1334 11
1335 1
1336 1
1336 1302
1336 3
1336 2315
1336 670
1336 79
1337 10
1338 4
1339 10
1339 872
1339 45
1340 640
1340 1
1341 66
1341 178
1341 10
1342 298
1342 203
1343 27
1343 1
1344 3
1344 1380
1344 9
1344 928
1345 1
1345 24
1346 11
1347 60
1347 0
1349 4
1349 73
1351 581
1351 1
1352 4
1355 3
1356 33
1357 148
1357 1851
1357 1728
1358 22
1359 19
1359 3278
1361 3
1362 7
1362 3
1362 13
1362 94
1362 3277
1362 27
1362 2810
1363 1
1364 45
1364 4
1364 10
1365 7
1366 10
1367 100
1367 10
1368 197
1368 0
1369 10
1370 9
1371 241
1371 8
1371 1674
1371 1749
1371 173
1371 1
1371 10
1373 125
1373 0
1373 1
1373 1695
1373 971
1373 730
1373 243
1373 11
1373 404
1373 3
1373 559
1373 4
1373 4990
1374 1
1375 0
1376 1
1376 623
1377 1
1377 2910
1377 317
1379 886
1381 1
1381 182
1381 108
1382 2
1383 11
1383 1
1384 409
1385 1
1386 10
1387 1
1390 13
1391 596
1392 3
1392 137
1393 3
1394 22
1395 4
1395 1933
1397 1
1398 1
1398 45
1399 127
1400 1
1400 94
1401 10
1401 45
1402 27
1402 1728
1402 10
1402 9
1405 341
1406 16
1406 2
1406 469
1406 241
1406 268
1406 10
1406 7
1407 27
1407 1
1408 719
1409 7
1409 1
1411 1
1413 11
1414 982
1414 2370
1414 3309
1414 688
1414 9
1415 1179
1416 4
1417 10
1418 11
1419 1084
1420 10
1420 7
1421 1
1422 0
1422 2711
1423 27
1423 1130
1423 7
1423 398
1424 11
1424 2876
1425 96
1425 10
1426 1
1427 13
1427 0
1427 10
1428 100
1429 331
1429 61
1430 1369
1430 1849
1430 252
1431 11
1431 3
1431 52
1433 61
1434 19
1435 74
1436 0
1437 260
1438 2
1438 1820
1439 0
1439 331
1440 27
1440 52
1440 91
1441 646
1441 3
1441 22
1441 1
1441 4643
1442 580
1443 11
1443 1098
1443 19
1443 1
1444 4
1444 2253
1444 1
1444 361
1445 1
1446 3
1447 11
1448 10
1448 2653
1449 13
1449 1228
1449 118
1449 22
1449 1794
1450 38
1450 799
1451 3
1451 1822
1451 3123
1452 4
1454 1104
1454 118
1454 1378
1454 1
1454 13
1454 10
1455 0
1455 16
1455 2141
1455 10
1455 3066
1455 1316
1455 3178
1455 1334
1456 246
1456 981
1456 3
1456 4
1456 3310
1456 11
1457 0
1458 51
1458 0
1459 4
1459 2
1459 13
1460 1
1460 10
1460 0
1461 24
1461 445
1462 13
1462 284
1462 524
1463 27
1463 4508
1464 10
1465 4
1465 11
1466 369
1467 0
1468 147
1468 96
1468 27
1468 11
1468 129
1469 1021
1470 19
1470 0
1470 2530
1470 11
1470 1
1472 49
1474 1
1474 81
1475 1
1476 405
1476 234
1477 3
1477 4521
1478 7
1478 129
1478 1
1480 11
1481 1
1481 3949
1481 33
1482 11
1483 3
1484 10
1485 369
1486 361
1487 209
1487 191
1488 32
1489 1
1489 1853
1489 640
1489 988
1489 100
1490 19
1490 519
1490 79
1490 1
1490 7
1491 1104
1492 253
1493 0
1494 197
1495 24
1496 182
1497 0
1497 11
1499 90
1500 147
1500 10
1500 848
1501 0
1502 699
1503 0
1503 55
1504 11
1505 1
1505 0
1506 287
1507 935
1507 87
1508 1
1508 3
1508 13
1508 16
1508 4532
1508 261
1510 0
1511 61
1514 10
1514 305
1514 3139
1515 103
1516 1
1516 1227
1516 10
1516 524
1517 24
1519 7
1520 3
1520 1
1520 7
1521 13
1521 137
1521 118
1521 1
1521 129
1522 33
1523 7
1523 567
1524 0
1524 2
1525 398
1526 129
1526 7
1527 91
1528 1006
1529 22
1530 27
1531 0
1531 285
1531 252
1531 33
1531 13
1532 581
1533 197
1535 3
1536 21
1537 1
1538 38
1538 1011
1539 13
1539 841
1539 1
1539 3
1540 27
1541 94
1542 10
1543 3
1544 10
1545 1
1545 2
1546 1
1546 0
1547 11
1548 4
1548 793
1549 10
1549 16
1549 1
1549 3
1550 13
1550 4
1550 827
1551 22
1552 439
1553 1
1554 27
1555 9
1558 33
1559 11
1559 822
1559 3102
1559 147
1559 378
1559 954
1560 129
1561 10
1561 24
1561 3
1561 100
1562 79
1562 513
1562 11
1563 3
1564 2
1565 61
1566 1
1568 4
1570 982
1570 1094
1570 1405
1570 11
1570 601
1570 13
1570 1109
1570 0
1570 22
1570 197
1571 147
1572 24
1573 1
1574 147
1575 79
1576 1
1577 10
1578 1
1578 650
1578 4
1578 19
1579 396
1581 1
1582 261
1582 19
1582 450
1582 318
1582 0
1582 118
1583 1
1584 1293
1584 4
1584 178
1585 10
1586 60
1586 1286
1586 27
1586 4
1587 1
1587 27
1588 129
1589 1
1589 10
1589 11
1589 843
1590 341
1590 1
1591 1
1592 13
1592 1
1593 75
1593 51
1593 107
1593 1048
1593 514
1594 405
1595 0
1595 287
1596 19
1597 1372
1597 656
1597 33
1597 3996
1598 279
1598 3
1598 10
1598 1380
1599 848
1600 1
1601 10
1602 1
1602 10
1602 513
1602 27
1603 284
1603 10
1605 4
1605 24
1605 2
1605 2716
1605 79
1605 11
1605 835
1606 10
1607 816
1608 7
1608 3593
1609 1
1610 341
1611 27
1613 1
1614 45
1614 10
1615 3
1617 105
1617 2782
1617 298
1618 513
1618 2679
1618 1267
1618 10
1618 24
1619 27
1620 1
1620 7
1620 11
1620 4
1620 27
1621 90
1621 0
1621 13
1622 66
1623 45
1624 51
1625 546
1626 982
1626 9
1626 27
1626 94
1626 11
1627 1
1628 71
1629 10
1630 35
1630 3
1630 1
1631 1
1631 886
1632 0
1632 2782
1632 1
1633 1
1633 2730
1634 66
1635 49
1635 856
1636 94
1636 4
1637 10
1637 1
1637 61
1638 1
1638 13
1638 564
1638 2134
1638 2047
1638 10
1639 510
1639 3
1639 1011
1640 1351
1640 3
1641 1
1642 172
1643 0
1644 369
1645 3
1646 11
1647 79
1648 10
1649 562
1650 284
1651 1536
1651 670
1651 284
1651 32
1651 129
1651 581
1652 147
1653 225
1654 61
1654 475
1655 61
1655 2017
1656 118
1657 1316
1657 3
1658 2
1659 513
1659 33
1660 10
1661 296
1662 584
1662 7
1662 4270
1663 284
1663 4613
1665 552
1666 693
1667 1
1668 10
1669 288
1669 197
1670 922
1671 66
1671 1976
1672 475
1673 10
1675 0
1675 10
1676 100
1676 341
1676 276
1677 397
1677 10
1677 53
1677 24
1679 439
1680 10
1681 1
1682 0
1683 1607
1683 1
1684 1
1685 24
1686 4
1687 1048
1687 2168
1687 100
1688 1
1689 61
1689 1
1689 112
1689 1728
1690 341
1690 1562
1690 60
1691 563
1692 1
1693 1
1695 688
1695 27
1695 444
1695 118
1695 1
1697 3
1698 477
1698 1
1698 3
1699 629
1699 1
1699 7
1700 1074
1700 61
1701 1
1701 7
1701 1649
1701 32
1702 10
1702 13
1703 130
1703 0
1704 21
1705 118
1706 637
1706 3621
1706 1
1706 66
1707 10
1707 1385
1707 341
1707 13
1707 241
1708 94
1709 11
1710 1
1711 1
1712 11
1712 10
1713 3
1714 1
1715 13
1716 2
1717 7
1717 105
1717 10
1717 45
1718 33
1719 1
1719 7
1719 94
1720 27
1720 2479
1720 647
1721 27
1722 760
1723 827
1723 2486
1724 61
1724 1
1724 4697
1725 130
1726 0
1727 1
1727 7
1727 45
1728 3
1728 1059
1730 1
1732 16
1733 11
1734 1192
1737 10
1737 689
1738 1
1738 584
1740 11
1740 2230
1740 2453
1741 4
1742 1
1742 3974
1743 61
1743 3
1744 11
1744 1026
1745 21
1745 2261
1745 4
1746 1110
1746 11
1748 10
1748 112
1748 11
1748 3463
1748 13
1749 241
1749 0
1749 94
1750 373
1750 1432
1751 222
1751 27
1751 3049
1752 7
1753 580
1754 808
1755 10
1756 0
1756 27
1757 10
1758 917
1759 951
1760 0
1761 79
1761 94
1762 3
1762 1
1762 4440
1763 689
1765 105
1766 341
1767 33
1770 1
1771 24
1772 1
1773 10
1774 1
1775 10
1775 1678
1776 1
1777 10
1777 118
1778 852
1780 339
1780 61
1781 118
1782 0
1782 1355
1783 19
1783 670
1784 32
1785 1334
1785 2119
1785 13
1786 13
1787 1051
1788 13
1789 1
1789 541
1789 3554
1789 13
1789 4161
1790 10
1791 3
1792 580
1792 1
1793 1
1793 9
1793 10
1793 4980
1794 100
1794 21
1794 469
1795 245
1796 10
1797 1
1797 317
1798 9
1798 1372
1799 1
1800 13
1801 0
1801 27
1801 243
1802 954
1802 830
1802 130
1802 1
1802 22
1803 10
1803 33
1804 11
1804 125
1805 0
1806 10
1807 546
1807 10
1807 3257
1809 13
1809 2
1810 1
1811 10
1812 3
1813 61
1813 164
1814 398
1816 4
1817 3
1819 27
1820 1
1820 13
1821 546
1823 1
1823 10
1823 3
1824 9
1825 4
1826 500
1826 1849
1826 793
1827 478
1828 27
1828 1
1829 3
1830 61
1831 1109
1831 13
1831 4
1832 75
1832 261
1832 0
1833 1053
1833 203
1833 139
1834 330
1835 3
1836 1
1836 1407
1836 542
1836 4815
1837 11
1837 147
1838 500
1839 19
1840 274
1841 142
1841 1
1842 172
1843 129
1844 0
1845 4
1846 1
1846 154
1847 10
1848 107
1849 27
1850 10
1850 1933
1853 13
1854 1
1854 2
1854 11
1855 13
1855 872
1857 1
1857 3275
1858 4
1860 61
1861 1
1862 60
1863 10
1863 1569
1864 0
1865 1728
1866 10
1867 100
1868 4
1868 10
1869 0
1870 3
1871 1
1871 284
1872 10
1873 1419
1874 409
1875 4
1876 61
1877 147
1877 2827
1877 3
1878 1
1879 3
1880 4
1881 10
1881 0
1881 282
1881 11
1882 341
1883 10
1883 13
1884 21
1885 4
1885 4174
1885 1
1886 379
1887 10
1888 1104
1889 1
1889 0
1891 55
1892 679
1893 3
1893 341
1894 13
1895 2
1896 7
1896 1
1897 1
1898 21
1899 379
1899 1109
1899 1213
1899 4365
1900 12
1901 27
1902 0
1903 552
1903 13
1904 107
1905 882
1905 24
1905 11
1906 184
1907 1513
1907 284
1908 11
1910 13
1910 8
1912 276
1913 32
1914 622
1915 1
1916 284
1916 9
1916 920
1917 7
1919 11
1919 1
1919 439
1920 0
1920 4
1920 1213
1920 123
1921 145
1921 439
1922 49
1923 11
1924 2
1924 10
1924 2678
1924 918
1925 1
1925 11
1926 27
1927 1031
1927 10
1928 0
1928 396
1929 51
1930 10
1930 4
1932 11
1933 75
1933 27
1934 1
1935 676
1935 10
1935 6
1935 1770
1935 4
1936 1
1937 1
1937 10
1938 13
1939 9
1940 1
1941 3
1941 2087
1941 10
1942 10
1943 127
1945 11
1945 1
1946 87
1947 1
1947 2041
1948 327
1949 24
1950 11
1951 1
1952 4
1953 1
1953 24
1954 0
1955 4
1956 13
1957 9
1957 284
1958 13
1959 439
1960 455
1961 274
1961 638
1962 567
1963 3
1964 1258
1965 1
1966 3
1967 878
1968 9
1968 10
1968 2665
1969 261
1970 27
1971 253
1972 61
1973 1
1973 11
1973 3211
1974 323
1975 147
1977 1942
1978 10
1979 60
1979 130
1981 1010
1981 10
1981 3398
1981 1
1981 4009
1982 51
1983 261
1984 1325
1984 53
1984 1
1984 10
1984 1276
1984 3718
1984 294
1984 4548
1985 118
1986 10
1986 4545
1987 10
1988 490
1988 2313
1990 100
1990 2857
1991 33
1991 1010
1991 0
1991 147
1992 105
1993 455
1994 38
1995 284
1995 1
1996 11
1996 13
1996 1
1998 1
1998 4121
1999 1212
2000 1699
2000 4
2001 13
2001 305
2001 4706
2002 133
2002 100
2003 1735
2004 2
2005 118
2005 0
2005 27
2005 1
2005 724
2006 260
2006 2050
2006 3793
2006 3
2006 1
2006 27
2007 60
2008 1
2009 317
2010 11
2011 3
2012 61
2012 4
2013 19
2014 96
2015 1
2016 4
2016 1
2016 3149
2018 11
2019 182
2020 22
2022 7
2023 7
2024 13
2024 134
2025 197
2026 970
2026 7
2026 2251
2027 1
2027 369
2028 567
2028 27
2029 1
2030 10
2031 0
2032 11
2033 793
2034 13
2035 24
2035 2
2036 13
2036 45
2038 10
2039 51
2040 7
2040 107
2040 22
2042 10
2043 74
2044 4
2045 45
2045 4
2047 478
2047 1
2048 10
2048 91
2049 776
2051 2
2051 217
2052 858
2052 100
2052 27
2053 11
2054 2
2055 398
2056 0
2057 1140
2057 3630
2057 55
2058 13
2059 1
2059 260
2061 10
2062 123
2063 10
2064 222
2065 1213
2066 1632
2067 954
2068 1
2069 1
2071 21
2071 3121
2072 1360
2073 1570
2074 0
2074 872
2075 1251
2075 100
2076 4
2077 1158
2078 1
2079 815
2080 0
2081 4
2081 1
2081 9
2083 10
2083 0
2083 848
2083 13
2083 526
2083 11
2084 0
2084 1728
2085 10
2085 3144
2085 4092
2086 1451
2088 45
2089 29
2090 1
2090 10
2091 10
2092 164
2093 10
2094 1
2095 1678
2096 261
2097 1760
2099 27
2100 0
2101 10
2101 1006
2102 1569
2102 341
2102 9
2103 162
2104 13
2105 1665
2105 27
2106 27
2106 13
2106 2
2107 147
2108 103
2108 3334
2109 10
2110 19
2110 415
2111 928
2111 79
2113 55
2113 1
2113 79
2114 4
2115 4
2116 11
2117 1
2117 27
2120 66
2121 1938
2122 3
2122 90
2123 81
2124 4
2124 0
2125 16
2125 1
2126 24
2126 2840
2126 1084
2127 657
2128 1
2128 27
2129 10
2129 2996
2131 2
2131 27
2132 3
2133 27
2135 1
2136 10
2136 1084
2137 7
2138 1
2139 10
2140 1
2140 6
2142 137
2142 3402
2143 1202
2143 2182
2145 10
2146 10
2147 1
2148 118
2149 1069
2151 79
2152 24
2152 920
2153 1
2153 16
2155 287
2155 689
2157 94
2157 0
2158 0
2159 4
2159 2154
2160 10
2161 4
2162 13
2162 704
2163 7
2164 243
2165 239
2166 11
2166 344
2166 13
2167 796
2167 11
2168 27
2169 0
2170 0
2170 2993
2170 3894
2171 1
2171 0
2172 1
2173 1448
2174 79
2175 3
2176 2
2177 0
2177 32
2179 118
2179 3595
2180 713
2180 10
2180 22
2181 118
2181 100
2181 94
2182 27
2182 811
2183 10
2184 1
2184 2
2185 4
2185 733
2186 1
2186 526
2186 3
2186 21
2187 1
2187 734
2188 1
2189 22
2190 100
2190 7
2190 1264
2190 11
2191 688
2192 1824
2192 1
2193 10
2194 0
2195 2
2195 10
2196 11
2197 2
2197 3562
2197 38
2198 1518
2198 52
2199 7
2200 11
2200 8
2201 296
2201 3
2201 118
2201 139
2202 13
2203 1
2204 478
2204 13
2205 100
2206 1253
2207 10
2207 27
2208 510
2209 10
2211 210
2213 313
2213 96
2215 1
2216 0
2217 196
2218 378
2218 2869
2219 25
2219 2307
2220 444
2220 1
2221 331
2223 27
2224 564
2224 2037
2225 1
2226 60
2226 1
2226 19
2226 369
2226 4315
2227 10
2228 27
2229 261
2231 60
2232 827
2233 385
2233 0
2234 107
2235 4
2236 10
2236 2
2237 11
2237 412
2238 87
2238 1
2238 61
2238 4
2239 361
2240 1859
2240 1
2241 500
2241 27
2241 1448
2243 96
2243 91
2243 10
2244 11
2245 341
2246 118
2247 1
2248 2
2248 464
2248 10
2249 10
2249 2491
2249 2
2250 147
2250 3
2250 70
2250 96
2250 2758
2251 491
2251 7
2251 858
2252 94
2252 3729
2252 60
2253 1
2253 2346
2253 61
2255 7
2255 1
2256 21
2258 3
2259 1
2259 10
2260 19
2260 38
2262 10
2262 2586
2262 90
2262 197
2262 186
2263 1
2263 3
2263 4
2264 7
2265 24
2266 1
2267 1
2268 926
2268 2813
2269 1
2270 11
2271 11
2272 170
2274 1
2274 27
2275 1
2275 22
2275 94
2275 107
2276 1
2278 0
2279 1
2279 3363
2280 1623
2281 513
2283 3
2285 1696
2286 284
2287 688
2288 3
2288 33
2288 415
2288 0
2288 1076
2289 1
2289 3277
2290 10
2291 10
2291 1
2292 1
2293 51
2294 1334
2295 24
2297 10
2298 385
2299 66
2300 11
2300 55
2301 1189
2302 19
2303 137
2303 60
2304 1
2304 55
2304 197
2305 100
2306 33
2308 10
2309 19
2310 0
2310 3
2311 10
2312 10
2314 109
2316 385
2316 1
2316 341
2316 0
2316 4574
2316 22
2317 94
2317 2562
2317 341
2317 197
2319 10
2319 0
2320 33
2321 10
2322 3
2322 24
2323 1
2324 10
2324 2631
2325 105
2326 197
2326 24
2327 13
2327 315
2327 4163
2327 2
2328 420
2328 2516
2329 27
2330 240
2331 10
2332 33
2333 1432
2334 826
2334 4011
2335 920
2336 622
2336 11
2337 10
2338 11
2339 27
2340 910
2341 10
2341 203
2341 107
2342 10
2343 1
2344 11
2345 675
2345 2203
2345 53
2345 2
2347 1737
2350 79
2350 0
2350 13
2350 317
2351 1
2351 1380
2352 1
2353 10
2354 3
2355 0
2356 341
2357 1080
2357 2878
2357 13
2358 11
2359 38
2359 16
2360 1726
2361 13
2362 98
2362 3
2363 1992
2363 19
2364 1
2365 24
2365 690
2366 2
2367 2
2368 2
2369 556
2371 60
2372 10
2373 1
2373 0
2374 19
2375 3
2376 2
2377 10
2377 260
2379 10
2380 418
2380 829
2381 0
2381 7
2382 7
2383 178
2384 182
2385 1
2386 60
2387 27
2387 1925
2388 4
2389 10
2389 197
2390 60
2391 1674
2392 309
2392 7
2392 246
2392 13
2392 1
2392 4754
2393 317
2393 11
2394 112
2395 19
2396 1389
2397 1
2397 172
2398 0
2399 671
2401 951
2401 364
2401 490
2402 1
2402 3215
2402 4261
2403 519
2404 313
2404 1518
2404 60
2404 7
2405 1
2406 3
2408 1
2408 11
2408 13
2409 7
2411 1
2413 118
2414 3
2415 10
2416 22
2416 517
2417 72
2418 0
2419 148
2420 10
2421 1251
2422 1
2423 0
2424 361
2425 878
2425 61
2425 3068
2426 13
2426 10
2426 2654
2426 9
2426 0
2427 13
2427 1
2428 94
2429 9
2429 526
2430 0
2431 22
2432 100
2433 7
2434 22
2434 7
2435 66
2436 199
2437 7
2438 1
2439 4
2440 96
2441 22
2442 429
2443 10
2444 10
2445 1
2446 1
2447 10
2447 541
2448 1
2448 3
2449 0
2450 1
2451 546
2451 13
2451 54
2452 27
2453 35
2453 519
2455 27
2455 252
2456 2
2457 1
2458 7
2459 105
2460 1
2461 225
2462 10
2462 1
2463 2254
2464 438
2464 13
2464 11
2465 313
2466 287
2467 1925
2467 3
2468 10
2468 713
2469 4
2469 679
2470 2
2470 1903
2470 3
2471 11
2471 0
2471 918
2472 147
2475 7
2475 2
2475 27
2475 527
2475 2586
2475 1
2475 1728
2476 10
2476 2
2477 3
2478 118
2478 66
2480 19
2481 2
2481 650
2483 107
2484 60
2485 1827
2485 3747
2487 1
2488 2090
2489 478
2489 688
2489 1360
2490 3
2492 11
2493 178
2494 1
2494 2973
2495 1
2495 130
2496 145
2497 27
2498 659
2499 1
2500 0
2500 2021
2501 10
2501 1
2502 197
2503 0
2503 1298
2503 10
2503 4837
2504 1471
2505 848
2507 1276
2507 129
2508 3
2509 3
2510 499
2510 61
2510 547
2511 1
2511 567
2512 27
2513 2380
2513 2766
2513 24
2513 130
2514 556
2515 296
2515 1768
2516 878
2516 10
2516 24
2516 13
2517 10
2518 74
2519 1938
2520 1
2520 27
2520 4888
2522 878
2523 166
2523 70
2524 0
2524 1
2526 1
2527 27
2528 928
2530 79
2530 3089
2531 1353
2531 252
2531 33
2532 1
2533 339
2534 3
2535 11
2536 688
2537 1
2537 13
2537 974
2537 4
2538 4
2539 513
2539 3178
2540 450
2541 2
2542 3
2543 2284
2543 100
2544 1
2544 2
2545 53
2546 2
2547 1
2548 22
2549 7
2550 0
2551 339
2552 79
2552 10
2553 3
2555 4
2556 398
2557 1
2558 13
2559 1444
2560 1
2561 137
2563 670
2564 1
2565 1010
2566 4
2567 1
2568 1
2569 1
2571 3
2572 2
2573 1
2574 7
2575 999
2575 1
2576 2463
2577 360
2578 10
2578 7
2579 384
2580 638
2580 0
2581 2
2582 1513
2583 284
2583 0
2584 118
2584 4627
2585 16
2585 1
2586 2379
2586 32
2587 147
2588 2
2589 19
2591 2
2591 781
2591 3999
2591 11
2591 261
2592 27
2593 24
2594 175
2595 0
2596 60
2597 1
2598 24
2599 415
2600 1406
2600 13
2600 72
2601 3
2601 1
2603 10
2604 1190
2604 1
2605 584
2605 2
2606 27
2607 2
2608 1
2609 2
2610 33
2611 24
2612 3
2613 32
2614 1
2614 1363
2614 1642
2615 7
2615 465
2615 10
2616 1179
2617 1
2617 3212
2618 9
2619 10
2619 45
2620 3
2621 60
2621 10
2623 13
2624 129
2626 27
2627 1
2628 118
2628 70
2629 70
2630 541
2633 118
2633 3600
2635 4
2637 91
2637 1842
2637 1
2639 45
2640 3
2641 580
2642 3
2643 68
2643 100
2643 10
2644 2
2645 0
2646 3
2647 1
2647 2631
2648 2529
2649 2
2650 1
2651 3
2651 982
2652 10
2652 1
2655 61
2656 9
2657 10
2657 7
2658 981
2659 1
2660 1
2662 118
2663 7
2663 3339
2663 10
2664 13
2665 0
2665 13
2666 2
2667 10
2668 24
2669 454
2669 1
2671 10
2672 469
2673 2
2674 4
2674 1360
2677 1
2680 1
2681 3
2682 1
2683 27
2684 10
2685 182
2685 10
2686 11
2687 27
2687 7
2688 0
2688 147
2688 27
2689 1
2689 13
2689 920
2689 0
2690 96
2690 0
2690 1
2690 147
2690 3
2692 821
2692 1
2693 22
2694 1
2694 3
2694 3402
2695 0
2697 10
2697 19
2697 4976
2698 1407
2699 11
2699 1
2700 27
2701 11
2701 52
2702 3
2703 1
2704 3
2706 840
2707 4
2707 75
2707 32
2708 7
2708 3608
2709 2087
2710 10
2711 429
2711 3
2711 1
2712 13
2713 10
2714 52
2715 1
2717 2
2717 1142
2718 1077
2718 0
2719 1
2720 0
2720 1
2722 2
2723 10
2724 1
2725 10
2726 2164
2727 125
2728 79
2729 2139
2730 398
2731 7
2731 1215
2732 0
2732 1320
2733 396
2734 622
2735 1
2735 730
2735 1542
2736 3
2736 1
2737 38
2737 10
2738 197
2738 567
2739 16
2739 4
2739 22
2740 60
2740 1
2740 2494
2741 315
2742 3
2742 2
2742 94
2742 73
2743 19
2743 245
2745 931
2745 2228
2746 567
2747 1080
2748 1
2750 478
2751 2669
2752 918
2753 197
2754 11
2754 10
2754 848
2755 27
2756 1
2757 1
2760 10
2762 27
2762 3
2763 1675
2763 323
2764 1859
2765 1
2766 536
2767 0
2769 1728
2770 1
2771 2770
2772 1
2773 1
2774 13
2775 1
2776 19
2777 24
2779 11
2779 267
2780 1074
2781 7
2783 105
2784 457
2785 737
2786 10
2786 3
2787 13
2787 3024
2787 1696
2787 0
2788 147
2788 4
2789 1768
2790 100
2790 1
2791 3
2791 2400
2793 1407
2794 19
2795 27
2796 1
2797 90
2797 1059
2797 10
2797 751
2798 79
2799 398
2799 1302
2800 27
2803 341
2803 90
2804 737
2805 45
2806 105
2807 4
2808 66
2809 11
2809 203
2809 33
2809 1842
2810 379
2811 1404
2812 690
2813 33
2814 0
2815 27
2816 13
2817 425
2817 1
2817 19
2818 3
2818 27
2818 1
2819 147
2819 11
2820 1
2821 1
2822 1026
2823 11
2824 71
2825 341
2825 2609
2826 94
2828 556
2829 142
2830 1258
2831 3
2832 2453
2833 27
2834 3
2835 369
2835 0
2835 2415
2836 7
2838 11
2839 1380
2840 439
2840 10
2841 650
2842 81
2843 1
2844 123
2844 3724
2844 4
2845 91
2847 260
2847 9
2847 33
2848 3
2848 2286
2849 3
2850 429
2851 0
2852 172
2853 133
2854 172
2856 1
2858 33
2858 1
2859 173
2860 3
2861 317
2862 91
2862 1
2863 10
2863 536
2864 11
2865 1
2865 830
2866 1
2867 8
2868 323
2870 10
2871 0
2872 1735
2873 244
2874 1
2875 7
2875 1
2877 7
2878 147
2878 1
2878 483
2879 79
2880 1273
2881 1131
2883 1
2884 4
2885 9
2885 21
2886 1378
2887 1
2888 260
2889 32
2890 35
2891 1015
2892 1668
2893 7
2894 1
2895 105
2897 580
2898 11
2899 0
2900 130
2901 1
2902 2210
2902 10
2902 1403
2903 1378
2903 10
2904 0
2905 10
2906 954
2906 1834
2906 123
2907 1696
2908 982
2911 546
2912 4
2913 16
2914 1
2915 11
2915 1
2915 500
2915 10
2916 130
2917 13
2917 148
2917 147
2919 1
2919 288
2920 2
2920 75
2921 1
2923 2516
2924 253
2925 1
2926 10
2927 1
2928 127
2928 1708
2928 74
2929 24
2930 1
2931 3
2931 516
2932 32
2933 178
2934 61
2935 268
2935 1
2936 0
2937 11
2938 9
2939 10
2940 13
2941 2600
2942 2338
2943 1
2944 53
2945 19
2946 1
2947 999
2948 513
2949 3
2949 339
2951 792
2952 27
2953 646
2954 2453
2954 243
2955 920
2956 285
2957 24
2958 9
2958 1
2958 398
2959 7
2960 1363
2961 0
2962 1
2962 3
2963 10
2964 3
2965 2178
2966 10
2966 755
2966 1534
2967 87
2967 2164
2968 439
2968 1
2969 1
2970 1
2971 10
2972 11
2972 500
2973 1770
2974 13
2975 279
2975 911
2976 4
2977 0
2978 3
2979 35
2979 1
2980 478
2981 94
2983 341
2984 1
2985 0
2985 1471
2985 4029
2985 24
2985 4121
2986 3
2987 10
2988 33
2989 10
2990 2
2990 3
2991 1
2992 4
2994 72
2995 1
2997 10
2998 2494
2999 361
3000 7
3000 4
3000 0
3001 1110
3002 1
3002 24
3002 3961
3003 10
3004 3001
3005 878
3006 22
3007 211
3008 4
3008 2415
3008 4185
3009 13
3010 1
3011 2
3012 1
3013 2506
3014 94
3014 3
3015 1
3016 1
3016 1570
3017 0
3018 2529
3019 1
3020 10
3020 7
3021 13
3023 100
3023 75
3025 7
3026 4
3027 10
3028 4
3030 317
3031 465
3031 1081
3032 123
3033 3
3034 581
3036 3
3037 1
3038 33
3039 10
3040 369
3041 1087
3042 197
3043 1
3044 4
3045 24
3045 27
3046 1
3046 7
3047 4
3047 71
3047 13
3048 75
3050 90
3051 2
3053 45
3054 3
3055 109
3055 622
3056 499
3057 2182
3057 105
3057 841
3058 2348
3059 3
3059 10
3060 1213
3060 1
3061 33
3062 11
3063 1
3064 24
3065 1
3067 199
3067 7
3068 19
3069 1353
3070 1
3071 123
3072 536
3073 45
3073 3478
3074 0
3075 32
3076 21
3077 829
3078 13
3079 609
3079 2
3080 24
3081 1
3082 13
3084 173
3085 105
3085 2
3086 100
3086 364
3087 11
3088 13
3088 11
3090 10
3090 4386
3091 11
3092 3
3093 3
3093 4817
3094 7
3095 439
3096 1
3097 514
3098 703
3098 1
3099 3
3100 13
3101 107
3101 1
3103 2296
3104 13
3104 0
3104 3
3105 13
3105 1
3105 197
3106 7
3106 96
3106 1
3107 886
3108 11
3109 3
3110 69
3110 7
3111 19
3112 19
3113 7
3114 1
3115 0
3116 4
3117 10
3118 385
3118 1380
3120 87
3122 954
3122 584
3125 4
3126 429
3128 638
3129 323
3130 100
3131 118
3132 10
3133 1
3134 7
3134 1
3134 10
3135 2768
3136 10
3136 0
3136 418
3136 3690
3137 118
3138 1
3140 910
3141 385
3142 1
3143 2876
3145 1890
3146 1
3146 3
3147 1
3148 4
3150 3
3150 13
3151 34
3152 133
3153 1080
3154 105
3154 91
3155 4
3158 61
3160 2900
3160 1938
3161 2782
3162 33
3163 246
3164 261
3165 733
3166 1
3166 710
3167 51
3168 439
3169 1464
3170 1164
3170 878
3171 27
3172 2
3173 1
3173 1276
3174 24
3174 274
3176 858
3177 1
3179 1
3180 123
3181 1185
3181 1094
3182 10
3183 2631
3183 10
3184 32
3185 1
3186 656
3186 584
3187 32
3188 11
3189 127
3190 1
3191 341
3192 72
3193 61
3196 880
3197 118
3197 3686
3198 13
3199 66
3200 24
3201 11
3202 10
3203 3
3203 1076
3203 546
3204 341
3205 13
3206 1256
3207 147
3208 872
3209 22
3210 13
3211 1
3211 4061
3212 11
3213 100
3214 33
3215 2
3217 11
3219 10
3220 13
3220 758
3221 0
3223 1
3224 3
3225 7
3226 60
3228 7
3229 10
3230 1
3231 439
3232 7
3233 0
3234 2669
3235 19
3236 1842
3236 2837
3236 429
3236 127
3237 61
3238 2
3238 13
3238 0
3238 349
3239 602
3240 1562
3241 1
3242 10
3243 1335
3244 2244
3245 10
3246 10
3246 60
3247 145
3248 118
3249 4
3250 1895
3251 3
3251 27
3252 10
3253 1
3254 157
3255 296
3256 1
3256 4143
3258 13
3259 0
3260 1
3261 2637
3262 52
3263 928
3263 564
3264 0
3265 2718
3266 2354
3266 4
3266 13
3267 1149
3268 61
3268 123
3269 11
3270 0
3271 1597
3272 61
3272 882
3273 13
3274 3
3276 3
3276 19
3278 317
3278 1445
3278 10
3278 19
3279 1
3280 1
3281 27
3283 2792
3284 10
3285 10
3285 1764
3286 13
3287 61
3288 1
3289 28
3290 199
3290 10
3291 327
3292 184
3293 0
3293 3
3294 33
3294 3581
3295 1
3296 4
3297 10
3298 10
3299 34
3299 13
3300 672
3301 3
3302 1
3303 4
3304 2281
3305 753
3306 7
3308 182
3308 4
3311 10
3312 4
3313 3
3314 331
3315 11
3316 1
3317 105
3318 125
3318 10
3319 45
3320 139
3322 10
3323 24
3323 3508
3323 1
3323 4
3323 3
3324 4
3325 276
3326 24
3327 178
3327 3878
3328 11
3329 52
3330 500
3331 1
3332 3223
3333 1
3335 3
3335 1
3336 2
3337 100
3341 1
3342 123
3343 11
3344 100
3344 61
3346 94
3347 10
3348 3
3349 27
3350 112
3351 4
3353 9
3354 4
3354 3735
3355 601
3355 2632
3356 360
3357 1
3358 203
3359 1
3360 1
3361 61
3362 7
3364 1309
3365 2
3365 3735
3366 2783
3367 24
3367 10
3368 2562
3370 27
3371 1
3372 1760
3373 7
3373 373
3374 2635
3375 10
3376 7
3376 622
3377 94
3378 24
3378 926
3378 112
3379 10
3380 976
3381 10
3381 1
3382 9
3383 2728
3383 1091
3384 61
3385 74
3386 13
3386 1
3387 81
3388 3
3389 2
3390 3216
3391 1256
3392 1222
3392 22
3393 127
3394 11
3395 3
3396 10
3397 3
3397 60
3397 1946
3399 10
3400 123
3400 3955
3403 11
3404 1
3405 1739
3406 2
3408 999
3409 541
3410 1
3412 921
3413 210
3414 13
3414 1
3415 10
3417 13
3418 1079
3419 9
3420 93
3420 13
3422 3218
3423 1
3423 27
3424 1
3425 7
3426 1
3427 123
3427 3
3428 1
3429 341
3429 94
3429 1
3430 123
3432 3
3433 1
3434 811
3435 3
3436 1
3437 0
3437 1
3438 100
3439 1
3440 1
3441 323
3441 61
3442 61
3443 1084
3444 13
3445 2230
3446 2357
3447 4
3448 60
3448 13
3449 461
3450 1
3451 22
3452 445
3453 13
3454 12
3455 1
3456 11
3457 364
3458 1296
3459 11
3460 4
3460 10
3460 778
3461 217
3462 1682
3462 107
3465 2622
3465 1849
3466 35
3467 9
3469 341
3470 344
3470 3932
3471 3282
3472 22
3473 11
3473 608
3474 243
3474 10
3475 10
3475 421
3475 4
3475 16
3476 745
3477 841
3479 341
3480 4
3481 2801
3482 2631
3483 10
3484 60
3485 13
3486 793
3487 13
3487 0
3488 0
3489 1290
3490 0
3491 10
3492 38
3493 24
3493 534
3493 3872
3494 4
3494 239
3495 3
3496 1
3497 478
3498 13
3498 9
3499 2348
3500 66
3501 947
3501 1768
3502 2
3502 10
3503 284
3503 3659
3504 2348
3505 103
3506 1
3506 1307
3507 4
3509 1
3510 1353
3510 4771
3511 2261
3512 61
3513 13
3514 4
3515 1454
3517 1
3517 3724
3518 2
3520 11
3521 7
3522 4
3523 147
3524 0
3525 469
3526 125
3526 130
3527 1
3528 0
3529 11
3530 1
3531 0
3531 13
3532 94
3533 287
3534 66
3535 1906
3536 4
3537 10
3538 872
3539 61
3539 1
3540 13
3541 103
3542 726
3542 4
3544 79
3545 60
3546 10
3546 51
3547 1153
3548 19
3549 11
3551 100
3552 1433
3553 1109
3555 11
3557 94
3558 1925
3559 1918
3559 2196
3560 3
3560 261
3561 24
3561 1
3563 1
3564 922
3565 1057
3566 94
3567 1
3568 2837
3569 1
3569 3
3570 3
3571 439
3572 55
3573 13
3574 681
3575 1
3576 1681
3577 147
3578 10
3579 3167
3580 954
3582 91
3584 3
3585 1
3586 2348
3587 1
3588 1
3589 0
3589 1580
3590 0
3590 1
3591 10
3592 829
3594 10
3594 4275
3596 1612
3597 3
3598 4
3599 1
3600 1
3601 118
3602 1252
3602 4529
3603 11
3604 13
3606 374
3606 7
3607 541
3609 45
3610 710
3611 10
3612 10
3613 1664
3614 361
3614 27
3615 2691
3617 0
3618 1180
3620 94
3622 0
3623 4
3623 147
3624 10
3625 662
3626 1
3627 646
3628 1320
3629 2
3629 13
3631 66
3631 61
3631 4
3632 1
3633 45
3635 38
3637 786
3638 465
3639 2478
3640 24
3641 7
3642 10
3643 1
3644 4
3644 0
3645 2292
3646 13
3647 71
3648 1
3649 982
3650 1415
3650 1
3651 3
3652 13
3653 27
3654 10
3655 0
3656 13
3657 130
3658 982
3660 13
3661 1
3662 1
3662 51
3663 234
3664 79
3665 1
3666 1
3667 148
3668 0
3669 96
3670 3167
3671 1
3671 3847
3671 38
3671 661
3672 52
3672 1
3673 760
3674 13
3674 4657
3674 266
3675 1642
3677 1334
3677 1865
3677 3
3678 7
3679 1674
3680 222
3681 1
3682 107
3683 2
3684 1355
3685 27
3687 147
3688 1
3689 2345
3690 261
3691 1
3692 2527
3693 10
3694 9
3694 1
3695 2882
3696 1
3697 7
3697 546
3698 2
3699 3
3699 22
3700 1
3701 670
3702 13
3703 10
3704 3110
3704 0
3705 1834
3706 2385
3707 1256
3708 1825
3709 154
3710 659
3711 3
3712 341
3713 2695
3714 2130
3715 33
3716 1
3717 94
3719 331
3720 1
3720 3905
3721 887
3722 790
3724 3634
3725 1286
3727 120
3728 22
3728 0
3730 11
3730 1
3731 3079
3731 10
3732 488
3733 1227
3734 1682
3736 1251
3737 10
3738 4
3739 182
3739 10
3740 0
3741 27
3742 100
3743 920
3744 526
3745 147
3746 665
3748 129
3750 1450
3750 3878
3752 7
3753 49
3754 261
3754 10
3755 1
3756 1597
3757 147
3758 191
3759 601
3761 1
3762 693
3763 981
3763 2182
3764 2491
3765 13
3766 2
3767 10
3768 1
3770 1
3771 3195
3772 11
3773 2178
3774 1443
3775 4
3776 3152
3776 287
3777 21
3778 3
3779 9
3780 38
3781 1269
3782 7
3783 341
3784 622
3785 27
3786 4
3787 118
3788 27
3789 19
3790 1
3791 118
3792 10
3794 1142
3795 667
3796 3
3797 4
3798 16
3799 2
3800 398
3801 3
3802 0
3803 0
3804 162
3805 10
3806 11
3807 4
3808 3204
3808 13
3808 125
3810 4
3811 1927
3811 118
3812 118
3813 1
3814 94
3815 11
3816 19
3817 418
3819 1
3820 27
3821 10
3822 13
3823 564
3824 94
3825 27
3826 11
3827 0
3827 646
3828 9
3829 1612
3830 16
3831 13
3831 3
3832 1077
3834 1
3835 13
3836 9
3837 911
3838 398
3838 10
3839 2
3840 1104
3841 3
3841 2
3842 10
3843 1
3845 672
3846 10
3848 19
3849 3
3850 61
3852 3
3853 0
3853 129
3854 4
3855 1
3856 1
3857 10
3858 10
3859 13
3860 3
3861 1824
3862 125
3863 74
3864 1
3865 3282
3867 4
3868 753
3869 129
3870 225
3871 1556
3873 118
3874 11
3875 1
3876 673
3877 3
3879 10
3880 118
3880 3
3881 385
3883 96
3884 567
3885 1
3886 103
3887 415
3888 253
3889 4
3890 10
3890 148
3891 13
3892 21
3893 13
3895 10
3896 10
3897 4
3898 1
3899 45
3900 22
3901 10
3902 0
3903 7
3906 3280
3907 0
3908 1
3909 1
3910 1
3911 1
3912 27
3913 1
3914 997
3915 3
3916 27
3917 164
3919 1
3920 1351
3921 129
3922 2474
3923 27
3924 1
3925 33
3926 1
3927 24
3928 10
3929 1081
3930 1
3931 3
3932 3519
3933 830
3934 61
3936 713
3937 506
3938 27
3939 45
3940 1
3941 75
3942 266
3943 13
3944 19
3945 7
3947 129
3948 3709
3950 1385
3950 10
3951 10
3952 3711
3953 10
3954 1
3955 127
3956 79
3958 3955
3959 1
3960 1675
3962 11
3963 3
3964 2
3965 29
3966 439
3967 11
3968 1
3970 1
3970 3
3971 10
3972 309
3973 4
3975 27
3976 10
3977 2251
3978 695
3979 1378
3979 3833
3980 1
3981 1322
3982 10
3983 0
3984 10
3985 11
3986 11
3987 4
3988 1893
3989 34
3990 3
3991 3223
3991 294
3992 10
3993 13
3994 3234
3995 1
3996 175
3997 10
3998 0
4000 2
4001 147
4002 4
4003 284
4004 24
4005 1
4006 142
4007 27
4008 10
4010 3
4012 1695
4013 1699
4014 0
4015 4
4016 27
4018 11
4018 584
4019 94
4020 2310
4021 27
4022 118
4023 0
4024 1
4025 2530
4026 981
4027 3
4028 3131
4031 148
4032 262
4033 377
4033 4079
4033 3616
4034 51
4034 10
4035 3567
4036 35
4037 13
4038 13
4038 2203
4038 1202
4039 1205
4040 398
4041 1
4042 105
4043 1
4044 3
4045 1076
4046 865
4047 1760
4048 1
4049 11
4050 24
4051 79
4051 3168
4052 3482
4053 500
4054 1077
4055 274
4056 1
4057 3
4058 3
4059 24
4060 1
4062 10
4063 10
4063 55
4063 100
4064 21
4065 10
4066 1856
4067 1336
4068 3
4069 690
4070 107
4071 10
4072 27
4073 7
4074 1322
4075 0
4076 1666
4077 3
4078 455
4080 55
4082 27
4083 261
4084 469
4085 61
4086 331
4087 13
4088 556
4089 202
4090 10
4091 1836
4093 567
4093 1298
4094 245
4095 10
4096 11
4097 0
4098 87
4098 1
4099 19
4100 1
4102 1
4103 1792
4104 19
4105 0
4107 51
4108 10
4109 10
4110 1
4111 398
4112 478
4112 2385
4113 134
4114 3107
4115 1
4115 13
4116 2074
4117 1
4118 1
4119 3957
4120 24
4122 45
4123 1
4124 1153
4125 10
4126 1101
4128 488
4129 72
4130 3
4131 21
4132 4
4133 225
4135 11
4136 982
4137 1
4138 1
4139 3600
4140 90
4141 27
4142 418
4145 3634
4147 10
4148 351
4149 0
4150 9
4151 2509
4152 546
4153 1
4154 0
4155 3032
4156 10
4157 3433
4158 1195
4158 4353
4158 10
4159 547
4160 4
4162 0
4164 141
4164 4331
4164 3
4165 2631
4166 981
4167 19
4168 4
4169 241
4170 13
4171 2500
4172 98
4175 1058
4176 1
4177 0
4178 341
4178 1
4179 1976
4182 10
4183 776
4184 1
4186 1
4187 1
4188 556
4189 137
4190 7
4191 3
4192 10
4193 567
4194 1
4195 1
4196 61
4197 7
4197 4
4198 886
4199 61
4200 0
4200 2362
4201 745
4201 1
4202 1
4204 7
4205 27
4207 439
4208 0
4209 1
4210 1
4211 10
4212 379
4214 1
4215 3999
4216 11
4217 10
4218 1
4219 1
4220 827
4221 4
4222 10
4223 4120
4224 118
4225 11
4227 100
4228 1
4229 13
4230 1
4231 1
4232 27
4233 27
4234 35
4235 1
4236 27
4237 1
4238 145
4239 0
4240 1
4241 13
4243 398
4244 61
4245 3
4246 524
4247 1
4247 3329
4248 3120
4249 339
4249 94
4250 886
4251 3
4252 584
4253 1
4254 3
4255 385
4257 1
4258 1089
4259 1286
4260 4
4262 13
4263 3
4264 100
4265 13
4266 0
4267 2974
4268 96
4269 1
4271 7
4272 1
4273 0
4274 693
4274 10
4276 1848
4276 11
4277 1
4278 71
4278 7
4279 21
4280 2
4281 27
4282 0
4283 378
4284 7
4285 204
4286 1
4286 3131
4287 3
4288 1178
4289 10
4290 3245
4290 3
4291 2813
4292 1
4293 1
4294 60
4295 536
4296 19
4296 7
4297 10
4298 513
4299 2516
4300 10
4301 1
4302 1
4303 0
4304 13
4305 385
4306 285
4307 38
4308 276
4309 33
4310 142
4312 11
4313 2840
4314 4
4316 546
4317 1
4318 147
4319 51
4319 186
4320 3
4321 1
4322 7
4323 4
4324 1058
4325 27
4326 1
4327 13
4327 1
4328 581
4329 1
4330 364
4332 827
4333 24
4334 79
4335 1
4336 1380
4336 4030
4337 3
4338 137
4340 27
4340 22
4341 10
4342 1
4342 3335
4343 878
4344 100
4345 112
4346 244
4347 1
4348 1083
4349 0
4350 3
4351 1
4352 33
4354 45
4355 3593
4356 72
4357 4
4357 1
4357 61
4358 27
4359 536
4360 61
4361 4307
4362 1
4363 1836
4364 16
4366 10
4368 429
4369 10
4370 1834
4371 2156
4372 3321
4373 1302
4374 1815
4375 22
4376 851
4377 1
4378 1
4379 118
4380 3
4381 1728
4382 7
4383 4
4384 10
4385 305
4386 24
4387 3
4388 1
4389 60
4390 1087
4391 9
4392 1
4393 4339
4394 267
4394 4491
4395 793
4396 421
4397 3247
4398 10
4399 87
4400 3
4401 10
4402 22
4403 861
4404 0
4405 281
4407 1
4408 1425
4408 10
4409 61
4410 7
4412 87
4413 123
4414 1
4415 920
4416 1
4417 3767
4418 1
4418 1079
4419 2244
4420 1653
4421 3543
4422 1
4423 1
4424 1
4426 2882
4426 4828
4426 13
4427 1
4428 1
4429 317
4430 771
4431 11
4431 4
4432 2348
4434 94
4435 3103
4437 285
4437 1
4438 284
4439 112
4441 22
4442 10
4443 2704
4443 0
4443 1045
4444 10
4445 1
4446 1076
4447 253
4448 1
4449 1057
4450 61
4451 0
4453 212
4454 9
4455 19
4456 3082
4456 16
4457 51
4458 11
4459 33
4459 7
4460 11
4461 848
4462 19
4465 178
4466 10
4467 1077
4468 3
4469 71
4470 1
4472 27
4473 66
4474 175
4475 793
4476 567
4477 38
4478 10
4479 1076
4480 33
4481 35
4482 556
4482 1009
4483 11
4484 45
4485 3
4486 1890
4487 1
4488 1
4489 285
4490 4
4492 274
4493 1518
4494 1227
4495 3423
4496 1077
4497 981
4498 21
4499 100
4500 548
4501 999
4502 1699
4503 1
4504 3905
4506 27
4508 313
4509 1
4510 0
4511 33
4512 988
4513 1
4514 10
4515 693
4516 4
4517 10
4518 510
4519 11
4520 10
4522 10
4523 2
4524 0
4525 7
4526 954
4526 584
4527 60
4528 1360
4530 4
4530 3749
4531 27
4533 10
4535 374
4535 1
4537 1
4538 261
4539 2402
4540 1
4541 556
4543 7
4544 1
4546 516
4547 240
4548 671
4549 1048
4550 4
4551 33
4552 27
4553 2527
4554 1842
4555 1
4556 1
4557 306
4558 24
4559 1416
4560 4
4561 918
4563 1076
4565 10
4566 3554
4567 1
4568 74
4569 1316
4570 51
4571 147
4572 1
4572 317
4573 10
4575 27
4577 2670
4579 10
4580 118
4581 24
4582 3634
4583 10
4584 4436
4584 38
4585 1057
4586 920
4587 60
4588 385
4589 3
4590 546
4591 10
4593 147
4594 13
4595 3
4596 7
4597 1
4598 693
4599 379
4600 1
4601 52
4601 1537
4602 1312
4603 10
4604 5
4605 11
4606 27
4607 1
4608 13
4609 96
4610 3
4612 826
4614 4
4615 11
4616 4084
4617 4203
4618 1
4618 209
4619 1
4620 1
4621 0
4622 3
4624 3083
4625 982
4625 24
4626 1
4628 129
4629 1
4630 1443
4631 1728
4632 4
4633 1243
4634 4242
4635 0
4636 27
4637 663
4639 3
4640 10
4641 469
4642 11
4644 94
4645 1
4646 3
4647 4
4648 9
4649 13
4650 19
4651 1407
4653 7
4654 3
4655 61
4656 954
4656 1
4658 7
4659 3872
4660 1
4661 11
4663 287
4664 2524
4665 1355
4666 1
4667 4
4668 1
4669 129
4670 982
4671 4
4672 197
4673 13
4674 0
4675 1101
4676 94
4677 197
4679 2
4680 10
4681 1
4682 2
4683 4662
4684 118
4685 1
4686 341
4687 1407
4688 1216
4689 1
4690 19
4692 21
4693 27
4694 0
4695 22
4696 1
4698 61
4700 0
4701 9
4702 640
4703 55
4704 10
4705 11
4707 1
4708 1946
4708 11
4709 4141
4710 1
4711 385
4713 0
4715 10
4716 334
4717 1
4718 125
4719 7
4720 1276
4721 1498
4722 1
4723 147
4724 4
4725 1
4726 662
4727 385
4728 13
4730 3464
4731 1
4732 27
4733 11
4734 1
4735 1
4736 0
4737 1179
4738 2
4739 1
4740 0
4741 11
4742 3
4743 1080
4744 1
4745 542
4746 10
4747 10
4748 33
4749 3433
4750 24
4751 3
4752 10
4753 710
4753 7
4753 13
4755 10
4756 11
4758 3
4759 4
4760 512
4761 3912
4762 1
4764 6
4765 38
4766 24
4767 10
4768 294
4769 4
4770 96
4770 1
4772 16
4773 1
4774 4
4775 1
4776 1256
4777 13
4778 79
4779 11
4780 361
4781 1
4782 27
4783 3
4784 4322
4785 1
4786 2218
4787 0
4788 118
4789 574
4790 266
4790 4
4791 9
4792 24
4793 4
4794 35
4795 385
4796 3686
4797 1
4798 1696
4799 10
4800 1
4802 1
4803 87
4804 1
4805 848
4806 2464
4807 10
4808 137
4810 10
4811 2
4812 38
4813 244
4814 4545
4816 1
4818 2154
4819 72
4820 1
4821 22
4822 1
4823 94
4824 24
4825 0
4826 1
4829 1322
4830 1
4831 167
4832 0
4834 3282
4835 11
4836 4723
4838 11
4839 2705
4840 241
4842 2151
4843 4
4845 369
4846 3064
4847 10
4848 4466
4849 60
4850 11
4851 147
4852 11
4853 19
4854 13
4855 9
4856 1
4857 1
4858 450
4859 2635
4860 9
4861 4
4862 1
4863 10
4864 477
4866 11
4867 4
4868 4
4869 0
4870 13
4871 51
4872 27
4873 1
4874 341
4875 66
4876 1
4877 147
4878 11
4879 4
4880 379
4881 1
4882 469
4883 1
4884 11
4885 10
4886 7
4887 60
4889 218
4890 1
4891 757
4892 4
4893 10
4894 1
4895 11
4896 11
4897 3
4898 435
4899 61
4900 55
4901 2974
4902 1
4903 10
4904 100
4905 1
4906 3532
4907 3583
4908 1643
4909 61
4911 3
4912 55
4913 517
4914 24
4915 3
4916 878
4917 816
4918 94
4918 147
4919 27
4920 3357
4921 510
4922 10
4923 2761
4924 13
4925 3127
4926 4580
4927 24
4928 11
4929 123
4930 27
4931 1
4932 100
4933 27
4934 13
4935 13
4936 954
4937 2463
4938 1
4939 1486
4940 3593
4941 1
4942 79
4943 4
4944 197
4945 7
4946 1076
4947 10
4949 1
4950 10
4951 2519
4951 0
4952 147
4953 982
4954 253
4955 1
4957 1
4958 127
4959 1681
4960 88
4961 27
4962 601
4963 13
4964 404
4965 3102
4966 500
4967 10
4968 27
4969 21
4970 19
4972 182
4973 3
4974 10
4977 506
4978 129
4979 872
4981 0
4982 3593
4983 19
4984 2
4985 139
4986 197
4987 567
4988 11
4989 1
4991 1
4992 33
4993 222
4994 7
4995 11
4996 10
4997 327
4998 11
4999 94
