0 1
0 3
0 4
0 10
0 11
0 9
0 19
0 45
0 27
0 61
0 13
0 100
0 105
0 94
0 2
0 7
0 24
0 70
0 118
0 142
0 261
0 281
0 35
0 87
0 51
0 341
0 298
0 72
0 317
0 33
0 6
0 415
0 420
0 66
0 439
0 465
0 478
0 524
0 16
0 60
0 580
0 204
0 182
0 665
0 75
0 22
0 262
0 339
0 466
0 129
0 659
0 982
0 983
0 123
1 2
1 0
1 10
1 7
1 70
1 6
1 109
1 24
1 51
1 418
1 9
2 0
2 3
2 13
2 16
2 1
2 94
2 24
2 118
2 184
2 10
2 11
2 396
2 129
2 4
2 260
2 670
2 429
2 988
5 1
5 3
5 4
5 0
6 1
6 10
6 0
6 27
6 147
6 3
6 4
6 7
6 2
6 284
6 118
6 21
6 19
6 421
6 673
6 100
6 974
6 816
6 344
7 1
7 10
7 4
7 3
7 21
7 94
7 0
7 45
7 11
7 60
7 27
7 127
7 2
7 96
7 147
7 285
7 13
7 19
7 197
7 24
7 22
7 584
7 500
7 398
7 541
7 928
7 75
8 0
8 10
8 3
8 13
8 1
8 24
8 96
8 2
8 51
8 4
8 154
8 100
8 298
8 640
8 182
8 60
8 7
9 1
9 11
9 24
9 4
9 7
9 130
9 13
9 275
9 19
9 608
9 646
9 118
9 139
9 378
9 10
9 285
12 3
12 9
12 1
12 45
12 11
12 27
12 13
12 129
14 1
14 0
14 10
14 3
14 180
14 385
14 317
14 13
14 24
14 16
14 137
14 676
14 147
14 7
14 105
14 11
14 45
14 198
15 3
15 1
15 0
15 10
15 7
15 344
15 147
15 38
15 94
15 19
15 579
15 33
15 281
15 60
15 4
15 11
17 1
17 13
17 2
17 0
17 4
17 222
17 100
17 10
17 469
17 24
17 22
18 1
18 16
18 4
18 288
19 1
19 11
19 10
19 61
19 129
19 118
19 35
19 7
19 4
19 0
19 710
19 564
20 11
20 61
22 0
22 10
22 4
22 1
22 11
22 127
22 137
22 60
22 398
22 3
22 94
22 27
22 581
22 7
22 96
22 33
23 0
23 9
23 568
24 10
24 274
24 327
25 1
25 0
26 22
26 55
27 10
27 19
27 659
27 11
27 1
28 7
28 27
28 11
28 2
28 19
28 10
28 1
28 13
29 1
29 4
29 608
29 2
30 11
30 1
30 61
31 10
31 16
31 2
32 1
32 130
32 103
32 261
32 262
32 66
33 1
33 11
33 0
33 13
33 100
34 10
34 327
34 526
34 0
35 4
35 19
35 3
35 1
35 27
35 450
36 10
37 10
37 1
38 11
38 1
38 24
38 61
38 147
38 10
38 182
38 94
39 1
39 0
39 3
40 2
40 11
40 1
41 1
41 0
41 13
41 137
41 3
41 60
41 173
41 103
42 1
42 546
43 22
43 16
43 1
43 385
43 13
43 11
44 4
44 0
44 144
44 27
44 22
44 98
44 11
45 27
45 11
45 9
45 10
45 1
45 13
45 130
45 147
45 19
45 398
46 0
46 1
46 10
46 7
46 4
46 204
47 4
47 90
47 51
48 16
48 2
48 10
48 1
48 27
48 0
48 147
48 3
48 173
48 74
48 241
48 81
48 500
48 13
48 663
48 11
49 3
50 1
51 10
51 1
51 27
51 3
52 7
52 19
52 4
52 197
52 1
52 9
52 27
52 512
52 241
53 3
53 174
53 1
53 0
53 9
54 3
54 1
54 4
54 148
55 1
56 3
56 211
57 1
58 13
58 10
59 10
59 112
59 11
60 2
60 0
60 1
60 13
61 1
61 118
62 3
62 125
62 379
62 1
62 19
62 429
62 27
62 793
63 1
63 4
63 10
64 0
65 22
65 3
65 1
65 0
65 10
65 51
65 129
65 55
65 11
65 142
65 760
66 886
66 10
67 10
67 3
67 379
67 167
67 0
67 11
67 24
67 997
68 0
68 1
69 13
69 1
69 33
69 327
69 0
69 100
69 10
69 710
70 11
70 10
70 1
70 601
70 397
70 32
71 10
71 66
71 3
71 4
72 11
72 105
72 24
72 1
72 27
73 1
73 10
73 3
73 4
73 33
74 4
74 10
74 1
74 51
74 260
74 266
74 24
74 514
74 38
74 118
74 11
74 94
75 11
76 11
76 9
76 1
77 10
77 445
77 91
77 339
78 13
78 27
78 421
79 1
79 118
79 9
79 623
80 1
80 96
80 7
80 11
80 9
81 1
81 79
82 24
83 1
84 13
84 123
84 1
85 1
86 61
86 1
86 129
86 726
87 38
87 310
88 27
88 1
88 10
88 11
88 66
88 4
88 3
88 0
89 10
89 1
91 1
91 118
91 11
92 13
93 11
93 38
95 35
95 1
97 4
97 182
97 287
97 10
98 13
98 0
98 9
98 22
98 61
98 1
99 13
99 10
101 10
101 118
101 13
101 87
101 760
101 0
102 10
102 61
102 0
102 24
102 1
102 209
103 27
103 16
104 1
106 10
106 13
106 94
107 45
107 1
107 4
107 90
107 2
108 107
109 10
109 87
109 60
109 1
110 66
110 61
110 55
110 469
110 488
111 2
111 91
113 10
113 193
113 172
113 1
113 11
113 13
113 0
113 18
114 19
114 1
114 4
114 7
115 3
115 1
115 180
115 10
115 27
115 536
115 0
116 1
116 10
116 154
116 567
116 3
117 66
117 27
117 4
117 10
117 1
117 91
119 13
120 1
120 381
121 3
121 285
121 1
122 1
122 94
122 341
123 27
123 1
123 10
123 103
124 10
126 1
126 2
126 11
126 21
126 369
126 22
126 45
126 13
126 3
126 147
126 0
128 1
128 0
129 10
129 0
129 1
130 61
130 3
131 10
132 11
133 1
133 27
133 10
134 66
134 27
135 2
136 61
136 3
136 2
137 134
137 66
137 241
137 33
137 1
137 3
138 45
138 13
138 225
139 3
140 1
141 3
142 61
143 1
143 11
143 103
145 10
145 61
145 1
145 11
146 13
148 35
148 197
148 182
148 19
149 11
149 1
149 3
149 285
149 313
150 61
150 107
151 4
151 13
152 13
152 27
153 0
154 10
154 2
155 60
156 1
156 19
156 61
157 1
157 0
158 10
159 10
160 118
160 11
161 11
162 145
163 1
164 11
164 7
164 1
165 33
166 13
167 10
167 11
167 27
167 9
167 90
167 861
168 19
168 1
168 173
168 137
169 24
169 1
169 3
169 10
170 7
170 2
170 260
170 10
171 1
171 0
172 11
173 118
175 1
175 4
176 2
176 118
176 38
177 3
178 33
178 27
178 243
178 112
178 822
179 1
179 10
179 538
181 22
181 11
181 94
181 3
181 1
181 19
181 100
181 2
181 4
183 13
185 1
185 7
186 27
186 3
186 11
186 9
187 27
187 7
187 10
187 1
187 199
188 118
189 33
190 10
190 0
191 61
191 11
191 22
191 13
192 1
193 10
194 81
194 27
195 147
196 7
198 1
198 60
199 27
199 127
199 209
199 24
199 1
200 4
201 1
202 22
202 564
203 1
203 3
203 10
203 24
204 1
205 1
206 4
206 10
207 24
208 4
208 27
209 2
209 10
210 1
210 373
210 22
210 323
211 4
212 28
213 4
213 137
214 24
215 11
215 87
216 10
216 7
216 52
216 32
216 0
216 94
217 209
217 0
217 75
218 1
219 1
220 210
220 3
221 130
221 595
221 118
222 22
222 11
222 1
223 147
223 100
223 10
224 38
224 298
224 3
224 1
224 7
225 1
225 7
226 1
227 87
227 2
227 178
228 1
228 829
229 27
230 1
231 24
232 1
232 10
233 10
233 4
234 175
234 60
234 1
235 72
236 4
237 118
237 633
238 27
239 96
239 339
239 45
239 331
239 19
239 4
240 10
240 173
241 53
242 1
244 0
244 730
244 755
244 7
245 10
245 94
245 107
246 1
246 105
246 7
246 541
246 0
247 13
248 24
248 4
248 7
248 3
248 688
248 0
249 202
250 0
250 27
250 13
251 7
252 1
252 10
252 369
253 90
253 10
254 182
255 33
255 1
256 16
256 3
256 61
257 100
257 45
257 33
257 1
258 130
258 341
258 3
258 1
258 10
259 3
262 0
263 4
264 129
265 11
266 1
266 646
267 96
268 129
268 170
268 661
269 129
270 3
270 938
271 1
272 3
272 211
272 11
273 4
273 10
276 10
277 13
278 2
279 3
279 27
280 4
280 13
280 22
280 10
280 3
280 107
282 2
282 397
283 0
286 1
287 173
287 10
288 7
289 4
289 24
290 1
290 3
290 745
291 11
291 16
291 60
292 129
293 1
293 262
294 13
295 1
296 3
296 638
296 10
297 10
299 19
300 261
300 1
301 61
302 1
302 13
302 0
303 264
304 11
304 1
305 3
305 60
306 1
307 1
308 10
308 690
309 61
310 1
310 107
311 27
312 1
313 1
314 27
315 9
315 2
315 3
315 0
316 2
317 209
317 3
317 4
317 1
318 100
318 869
319 13
320 4
321 22
321 217
321 1
321 285
321 2
321 596
321 0
322 197
323 2
324 9
324 7
324 577
325 4
326 3
328 74
329 10
329 536
330 10
331 3
332 182
333 1
334 3
334 33
335 1
336 2
336 341
336 10
337 0
338 1
340 0
340 4
342 19
342 9
342 24
343 0
343 4
343 100
343 10
345 51
346 51
346 3
347 288
347 13
347 244
348 4
348 13
348 645
348 2
349 1
350 10
351 7
351 348
352 331
353 1
354 2
355 1
355 16
355 197
356 100
357 3
358 0
359 27
360 1
361 108
362 9
363 2
363 546
363 10
364 33
365 210
365 71
365 999
366 13
366 1
367 11
368 2
368 1
368 21
369 10
369 1
370 10
370 1
370 0
371 45
372 1
372 294
374 45
374 13
374 693
374 225
375 10
376 4
377 339
377 11
378 4
379 10
380 24
382 19
383 60
383 3
384 7
386 1
387 3
387 27
387 528
387 79
388 385
388 9
388 10
389 91
389 637
390 148
391 1
391 477
391 887
392 1
392 884
392 60
392 10
393 91
394 11
394 596
394 1
395 105
399 260
400 4
401 0
401 24
402 3
402 203
402 10
403 7
404 10
404 3
405 11
405 341
405 4
405 10
406 13
407 6
408 94
408 10
409 27
410 13
410 118
411 3
411 33
411 10
412 2
413 1
413 325
414 1
414 0
416 13
416 100
416 4
416 1
417 0
417 3
418 3
419 2
422 11
423 1
424 3
425 0
425 1
426 7
426 0
427 1
428 61
429 13
430 1
431 32
432 285
433 147
434 1
434 45
435 11
435 27
436 3
436 13
437 38
438 61
440 1
441 11
442 94
443 1
444 245
446 118
447 1
448 0
448 313
449 4
451 100
452 11
452 1
452 3
453 105
454 1
455 10
455 255
456 415
457 1
457 2
457 261
458 379
459 10
459 1
459 0
460 1
461 341
461 11
462 10
463 10
463 488
464 1
466 1
466 2
466 13
467 10
467 55
468 91
470 1
471 10
471 11
472 10
473 0
474 4
475 7
476 1
476 606
479 445
480 9
480 1
480 734
481 327
482 2
482 27
482 13
482 0
482 7
483 13
484 61
485 0
485 916
486 19
487 3
487 1
487 10
489 9
489 1
489 27
490 27
491 49
492 105
493 2
493 24
493 0
493 1
493 406
493 4
494 1
494 4
494 638
494 125
494 7
495 252
495 74
496 3
497 107
498 1
499 182
499 4
501 11
501 662
501 94
502 4
503 0
503 112
504 1
504 45
505 261
506 1
507 27
508 69
509 3
510 197
511 157
513 1
515 0
516 9
517 10
518 1
519 28
520 7
520 872
521 27
522 11
522 96
522 94
523 1
525 147
527 1
529 1
530 11
530 4
530 67
531 1
532 296
533 1
534 500
535 10
537 4
537 11
538 7
538 11
539 1
540 1
542 261
542 751
543 27
543 1
544 1
545 10
546 317
547 11
547 19
548 7
549 2
550 90
550 1
551 11
552 90
552 19
553 234
554 1
555 87
556 16
557 27
558 167
559 9
560 22
561 4
562 13
562 10
563 1
565 9
566 81
568 1
568 4
568 178
569 197
570 373
570 261
571 3
572 147
573 27
573 234
573 650
574 253
575 94
576 91
578 182
578 1
580 1
580 10
580 284
581 10
581 7
582 1
583 519
584 3
585 10
585 1
586 1
587 287
588 241
589 0
589 16
589 848
590 439
591 19
592 55
593 1
594 1
597 1
598 10
599 1
599 4
600 527
601 10
601 3
602 11
603 0
604 1
605 261
606 3
607 9
607 189
609 3
610 488
611 22
612 3
613 33
614 4
615 7
616 82
617 7
618 79
619 4
619 0
619 970
620 16
621 1
622 27
622 296
622 1
624 11
625 580
625 816
625 66
626 439
627 61
628 74
629 0
630 1
631 4
631 3
632 10
634 1
635 55
636 60
638 1
638 0
639 27
641 22
642 3
643 27
644 3
644 10
645 19
645 1
646 1
647 148
647 396
648 361
649 2
650 19
651 94
652 129
652 954
653 27
653 1
654 1
654 10
655 2
656 7
656 1
656 24
657 94
657 10
657 27
658 0
660 1
664 0
666 2
666 478
667 24
667 0
668 260
669 9
671 7
671 11
672 1
673 444
674 1
675 2
675 19
677 11
678 1
679 4
680 1
681 334
682 142
682 100
683 10
684 388
684 11
685 252
685 61
686 3
687 0
687 103
689 66
691 61
692 374
693 317
694 4
695 118
696 10
697 11
698 1
698 7
699 10
700 8
701 3
702 580
703 21
704 260
705 1
706 9
707 13
708 3
708 920
709 61
711 1
712 94
713 10
714 27
715 246
716 317
717 1
718 0
718 13
719 13
720 10
721 10
721 1
722 11
723 1
724 10
725 10
727 19
728 130
729 3
731 3
732 1
733 2
735 0
736 1
737 556
738 38
739 3
740 123
740 13
741 81
741 27
742 1
743 11
744 1
746 184
747 0
748 1
749 681
750 1
752 1
753 27
754 10
756 3
757 379
758 9
759 361
761 2
762 1
763 0
764 94
765 55
766 4
767 10
768 1
769 182
770 252
771 2
772 1
772 10
773 1
774 4
775 71
776 1
777 147
778 13
779 1
780 1
781 3
782 301
783 0
784 10
785 255
786 1
787 439
788 445
789 1
790 1
791 0
792 10
792 27
794 0
795 281
796 420
797 45
798 0
799 10
800 4
801 3
802 197
803 27
804 1
805 11
806 7
807 7
808 1
809 4
809 13
809 3
810 10
811 4
812 170
813 4
814 100
815 596
817 10
818 0
819 27
820 13
821 125
823 688
824 361
825 455
826 199
827 398
828 546
828 878
830 1
831 4
832 2
833 25
833 3
834 4
835 10
836 45
837 11
838 0
839 646
839 0
840 129
841 1
842 3
843 137
844 66
845 61
846 13
847 10
848 385
849 3
850 274
851 167
852 7
853 3
854 10
855 10
856 10
857 1
858 11
859 1
860 1
862 197
863 1
864 1
865 61
865 13
866 13
867 1
868 234
870 11
871 1
873 170
874 10
875 10
876 1
877 816
877 32
879 3
880 1
881 3
882 317
883 10
885 130
887 11
888 27
889 13
890 429
891 1
892 10
893 112
894 60
895 688
896 66
897 11
898 131
899 783
900 24
901 1
902 1
903 4
904 13
905 27
906 130
907 1
908 2
909 22
910 385
911 118
912 60
913 10
914 197
915 196
917 439
918 1
919 605
921 1
922 3
923 1
924 500
925 445
926 27
927 1
929 844
930 567
931 4
932 9
933 10
934 361
935 147
936 4
937 469
939 22
939 398
940 1
941 1
942 4
943 33
944 243
945 1
946 1
947 98
948 0
949 197
950 1
951 3
952 10
953 11
955 538
956 841
957 1
958 103
959 127
960 10
961 137
962 55
963 1
964 588
965 3
966 284
967 404
968 1
969 0
971 27
972 1
973 11
975 60
976 0
977 856
978 1
979 681
980 0
981 172
984 3
985 13
986 274
987 162
989 1
990 178
991 3
991 848
992 1
993 61
994 667
995 10
996 2
998 1
